#Task Selector: 5
#PID Parameters: kp: 0.09, kd: 0.04, ki: 0.01
#n_pos: 10
#n_vel: 10
t x_ref y_ref vx_ref vy_ref x_raw y_raw x y vx_raw vy_raw vx vy
0.02 0.00 0.00 0.00 0.00 -97.45 14.50 -9.75 1.45 -609.06 90.61 -60.91 9.06
0.03 0.00 0.00 0.00 0.00 -100.61 14.52 -19.81 2.90 -625.67 90.27 -123.47 18.09
0.05 0.00 0.00 0.00 0.00 -100.60 13.29 -29.87 4.23 -699.93 92.45 -193.47 27.33
0.06 0.00 0.00 0.00 0.00 -97.44 13.28 -39.61 5.56 -632.67 86.22 -256.73 35.96
0.08 0.00 0.00 0.00 0.00 -91.33 13.26 -48.74 6.88 -497.68 72.27 -306.50 43.18
0.09 0.00 0.00 0.00 0.00 -88.36 13.25 -57.58 8.21 -715.44 107.32 -378.04 53.91
0.10 0.00 0.00 0.00 0.00 -88.36 13.25 -66.42 9.54 -837.89 125.69 -461.83 66.48
0.12 0.00 0.00 0.00 0.00 -82.60 13.24 -74.68 10.86 -577.77 92.62 -519.61 75.74
0.13 0.00 0.00 0.00 0.00 -79.79 12.06 -82.65 12.07 -542.19 81.94 -573.83 83.94
0.15 0.00 0.00 0.00 0.00 -74.31 10.89 -90.09 13.15 -498.38 73.07 -623.67 91.25
0.16 0.00 0.00 0.00 0.00 -71.65 15.53 -87.51 13.26 181.19 7.26 -544.64 82.91
0.17 0.00 0.00 0.00 0.00 -74.31 10.89 -84.88 12.90 160.55 -22.11 -466.02 71.67
0.19 0.00 0.00 0.00 0.00 -77.03 12.06 -82.52 12.77 181.86 -9.49 -377.84 61.48
0.25 0.00 0.00 0.00 0.00 -74.31 12.06 -80.21 12.65 149.07 -7.87 -299.67 52.07
0.27 0.00 0.00 0.00 0.00 -66.40 12.06 -77.71 12.53 39.09 -1.89 -245.99 44.65
0.28 0.00 0.00 0.00 0.00 -63.83 12.06 -75.26 12.41 212.31 -10.37 -153.22 32.88
0.29 0.00 0.00 0.00 0.00 -58.79 13.19 -72.30 12.40 215.09 -0.47 -47.92 20.27
0.31 0.00 0.00 0.00 0.00 -53.87 13.18 -69.43 12.40 242.02 -0.49 34.06 10.96
0.32 0.00 0.00 0.00 0.00 -49.04 12.06 -66.35 12.40 218.07 -0.02 110.09 2.76
0.33 0.00 0.00 0.00 0.00 -46.66 12.06 -63.59 12.51 201.63 8.46 180.09 -3.70
0.34 0.00 0.00 0.00 0.00 -46.66 12.06 -61.09 12.17 211.32 -29.39 183.10 -7.36
0.35 0.00 0.00 0.00 0.00 -44.30 13.17 -58.09 12.39 257.45 19.50 192.79 -3.20
0.37 0.00 0.00 0.00 0.00 -39.64 12.06 -54.35 12.39 321.80 -0.03 206.78 -2.26
0.38 0.00 0.00 0.00 0.00 -30.51 12.05 -49.97 12.39 345.95 -0.03 226.47 -1.47
0.40 0.00 0.00 0.00 0.00 -26.02 10.96 -45.93 12.28 275.21 -7.48 250.08 -2.03
0.41 0.00 0.00 0.00 0.00 -21.58 8.78 -41.71 11.96 251.38 -19.49 253.99 -2.94
0.42 0.00 0.00 0.00 0.00 -17.17 9.88 -37.54 11.62 334.42 -26.62 265.93 -5.56
0.44 0.00 0.00 0.00 0.00 -8.43 8.80 -33.00 11.19 322.21 -31.09 273.94 -8.62
0.45 0.00 0.00 0.00 0.00 -4.08 7.72 -28.50 10.75 295.44 -28.51 281.68 -11.47
0.47 0.00 0.00 0.00 0.00 0.26 7.72 -23.81 10.32 331.04 -30.60 294.62 -15.37
0.48 0.00 0.00 0.00 0.00 4.60 6.63 -18.69 9.78 358.95 -37.97 309.39 -16.23
0.50 0.00 0.00 0.00 0.00 8.94 4.46 -13.36 8.91 341.83 -55.92 317.82 -23.77
0.51 0.00 0.00 0.00 0.00 13.29 4.45 -8.07 8.14 368.50 -52.94 322.49 -29.07
0.53 0.00 0.00 0.00 0.00 17.66 3.35 -3.25 7.27 317.48 -57.37 319.65 -34.80
0.54 0.00 0.00 0.00 0.00 19.85 3.34 1.33 6.51 321.95 -53.46 324.32 -39.40
0.56 0.00 0.00 0.00 0.00 22.05 3.33 5.70 5.97 301.22 -37.60 329.30 -41.21
0.57 0.00 0.00 0.00 0.00 24.26 2.23 9.84 5.20 285.00 -52.61 324.36 -43.81
0.59 0.00 0.00 0.00 0.00 26.49 1.12 13.33 4.44 230.51 -50.70 315.19 -45.77
0.60 0.00 0.00 0.00 0.00 26.49 1.12 16.39 3.78 232.17 -50.10 308.86 -47.93
0.62 0.00 0.00 0.00 0.00 30.94 1.09 19.46 3.11 201.73 -43.59 295.93 -49.23
0.63 0.00 0.00 0.00 0.00 30.95 -0.01 22.09 2.45 169.35 -42.70 276.97 -49.70
0.64 0.00 0.00 0.00 0.00 33.20 -0.03 24.52 2.00 179.83 -33.29 260.77 -47.44
0.66 0.00 0.00 0.00 0.00 33.20 -0.03 26.51 1.55 137.98 -31.07 237.72 -45.25
0.67 0.00 0.00 0.00 0.00 35.47 -1.16 28.29 1.10 122.49 -31.02 218.22 -42.61
0.69 0.00 0.00 0.00 0.00 35.46 -0.05 29.85 0.76 108.32 -23.58 196.86 -39.62
0.70 0.00 0.00 0.00 0.00 35.46 -0.05 31.19 0.42 96.03 -24.26 176.34 -38.29
0.72 0.00 0.00 0.00 0.00 35.46 -0.05 32.31 0.19 74.08 -15.11 155.25 -34.54
0.73 0.00 0.00 0.00 0.00 35.47 -1.16 33.21 -0.04 60.59 -15.38 138.26 -31.01
0.75 0.00 0.00 0.00 0.00 33.20 -0.03 33.88 -0.15 47.18 -8.10 119.76 -26.81
0.76 0.00 0.00 0.00 0.00 33.20 -0.03 34.11 -0.26 15.13 -7.52 101.10 -23.20
0.77 0.00 0.00 0.00 0.00 30.95 -0.01 34.11 -0.26 0.00 0.00 84.16 -18.93
0.79 0.00 0.00 0.00 0.00 28.72 0.01 33.66 -0.26 -33.62 0.29 62.82 -15.57
0.80 0.00 0.00 0.00 0.00 26.48 2.22 32.99 -0.03 -40.50 13.55 44.97 -11.11
0.82 0.00 0.00 0.00 0.00 24.27 1.13 31.87 0.20 -86.29 17.68 24.09 -6.24
0.83 0.00 0.00 0.00 0.00 24.27 1.13 30.75 0.31 -78.39 8.33 5.42 -3.05
0.85 0.00 0.00 0.00 0.00 19.86 2.25 29.19 0.55 -105.89 15.65 -14.77 0.94
0.86 0.00 0.00 0.00 0.00 19.85 3.34 27.63 0.88 -108.72 23.66 -33.05 4.82
0.88 0.00 0.00 0.00 0.00 17.66 3.35 25.85 1.34 -118.48 30.00 -50.96 9.35
0.89 0.00 0.00 0.00 0.00 13.29 4.45 23.85 1.78 -139.86 31.49 -69.66 13.31
0.91 0.00 0.00 0.00 0.00 11.11 4.46 21.65 2.23 -140.41 28.53 -85.22 16.92
0.92 0.00 0.00 0.00 0.00 8.94 6.63 19.44 2.90 -155.52 46.92 -100.77 21.61
0.94 0.00 0.00 0.00 0.00 4.60 5.55 17.03 3.45 -165.84 38.10 -113.99 25.39
0.95 0.00 0.00 0.00 0.00 4.59 7.72 14.84 4.00 -152.71 38.39 -125.21 27.88
0.97 0.00 0.00 0.00 0.00 0.26 7.72 12.44 4.66 -162.97 44.69 -132.88 30.58
0.98 0.00 0.00 0.00 0.00 -4.08 7.72 9.61 5.32 -194.01 45.04 -144.44 34.25
1.00 0.00 0.00 0.00 0.00 -4.08 7.72 7.21 5.86 -164.93 37.66 -150.35 36.45
1.01 0.00 0.00 0.00 0.00 -8.43 8.80 4.39 6.41 -180.09 34.75 -157.48 37.56
1.02 0.00 0.00 0.00 0.00 -10.60 8.80 1.56 6.95 -193.93 37.37 -165.03 38.29
1.04 0.00 0.00 0.00 0.00 -12.79 9.88 -1.05 7.50 -184.63 38.45 -169.50 38.99
1.05 0.00 0.00 0.00 0.00 -14.97 9.88 -3.66 8.04 -184.74 38.41 -173.94 39.98
1.07 0.00 0.00 0.00 0.00 -17.17 10.97 -6.27 8.47 -174.62 29.00 -175.85 38.19
1.08 0.00 0.00 0.00 0.00 -17.17 10.97 -8.44 9.02 -151.15 37.63 -174.38 38.14
1.10 0.00 0.00 0.00 0.00 -19.37 12.05 -10.84 9.45 -160.18 28.99 -175.13 37.20
1.11 0.00 0.00 0.00 0.00 -21.58 10.96 -13.02 9.77 -157.28 23.37 -174.56 35.07
1.13 0.00 0.00 0.00 0.00 -21.58 12.05 -14.77 10.21 -115.12 28.54 -166.67 33.42
1.14 0.00 0.00 0.00 0.00 -23.80 9.87 -16.74 10.42 -136.94 14.95 -163.87 31.14
1.16 0.00 0.00 0.00 0.00 -26.02 12.05 -18.50 10.75 -122.20 22.61 -158.08 29.93
1.17 0.00 0.00 0.00 0.00 -26.02 12.05 -20.05 11.07 -101.42 21.43 -148.83 28.34
1.18 0.00 0.00 0.00 0.00 -26.02 12.05 -21.37 11.29 -91.70 15.06 -139.53 26.00
1.20 0.00 0.00 0.00 0.00 -26.02 10.96 -22.47 11.40 -74.70 7.31 -128.53 22.89
1.21 0.00 0.00 0.00 0.00 -26.02 12.05 -23.36 11.51 -63.58 7.82 -117.43 20.77
1.23 0.00 0.00 0.00 0.00 -26.02 10.96 -24.24 11.51 -56.18 -0.03 -107.93 17.01
1.24 0.00 0.00 0.00 0.00 -26.02 12.05 -24.91 11.51 -47.53 0.00 -96.67 14.11
1.26 0.00 0.00 0.00 0.00 -26.02 12.05 -25.35 11.62 -29.19 7.17 -83.86 12.49
1.27 0.00 0.00 0.00 0.00 -26.02 12.05 -25.80 11.62 -29.96 0.00 -75.34 9.63
1.29 0.00 0.00 0.00 0.00 -26.02 9.87 -26.02 11.62 -16.33 -0.02 -63.28 8.13
1.30 0.00 0.00 0.00 0.00 -26.02 10.96 -26.02 11.51 -0.00 -7.04 -51.06 5.17
1.32 0.00 0.00 0.00 0.00 -23.79 10.96 -25.80 11.40 15.67 -7.69 -39.35 2.26
1.33 0.00 0.00 0.00 0.00 -21.58 9.87 -25.35 11.18 31.52 -15.49 -27.03 -0.80
1.35 0.00 0.00 0.00 0.00 -21.58 9.87 -24.91 11.07 26.86 -6.58 -16.87 -2.19
1.36 0.00 0.00 0.00 0.00 -21.58 9.87 -24.47 10.85 34.02 -16.71 -7.11 -4.64
1.37 0.00 0.00 0.00 0.00 -21.58 7.69 -24.02 10.53 27.58 -20.32 1.27 -6.67
1.39 0.00 0.00 0.00 0.00 -17.17 7.70 -23.14 10.09 67.62 -33.28 12.78 -10.00
1.40 0.00 0.00 0.00 0.00 -17.17 7.70 -22.25 9.65 57.78 -28.44 21.48 -13.56
1.42 0.00 0.00 0.00 0.00 -17.17 7.70 -21.37 9.22 62.55 -30.79 30.73 -16.64
1.43 0.00 0.00 0.00 0.00 -12.79 6.62 -20.04 8.89 92.15 -22.61 41.58 -18.90
1.45 0.00 0.00 0.00 0.00 -12.79 6.62 -18.72 8.46 89.69 -29.42 50.55 -21.13
1.46 0.00 0.00 0.00 0.00 -12.79 6.62 -17.62 8.03 75.97 -29.98 56.58 -23.36
1.48 0.00 0.00 0.00 0.00 -10.61 4.45 -16.52 7.48 71.06 -35.14 60.53 -25.33
1.49 0.00 0.00 0.00 0.00 -8.43 6.63 -15.21 7.16 96.57 -23.83 67.50 -27.05
1.51 0.00 0.00 0.00 0.00 -8.43 4.45 -13.89 6.62 85.44 -35.22 72.64 -28.90
1.52 0.00 0.00 0.00 0.00 -6.26 4.46 -12.36 6.29 105.91 -22.33 80.47 -29.10
1.54 0.00 0.00 0.00 0.00 -4.08 3.37 -11.05 5.86 93.20 -30.80 83.03 -28.86
1.55 0.00 0.00 0.00 0.00 -4.08 3.37 -9.74 5.43 88.01 -29.09 86.05 -28.92
1.56 0.00 0.00 0.00 0.00 -1.91 2.29 -8.22 4.89 102.84 -36.47 90.08 -29.49
1.58 0.00 0.00 0.00 0.00 0.26 4.46 -6.91 4.67 90.20 -14.91 89.89 -28.72
1.59 0.00 0.00 0.00 0.00 0.26 2.29 -5.61 4.24 88.82 -29.48 89.80 -28.72
1.61 0.00 0.00 0.00 0.00 2.43 2.29 -4.09 3.81 112.06 -31.88 93.41 -28.92
1.62 0.00 0.00 0.00 0.00 2.43 2.29 -2.78 3.59 89.06 -14.74 95.21 -26.87
1.64 0.00 0.00 0.00 0.00 4.60 2.29 -1.48 3.16 90.34 -30.08 94.59 -27.50
1.65 0.00 0.00 0.00 0.00 4.60 2.29 -0.18 2.94 89.15 -14.81 94.96 -25.46
1.67 0.00 0.00 0.00 0.00 4.60 1.20 0.91 2.61 72.66 -21.80 91.63 -25.41
1.68 0.00 0.00 0.00 0.00 4.60 2.29 1.78 2.51 56.79 -7.09 87.99 -23.03
1.70 0.00 0.00 0.00 0.00 4.60 1.20 2.64 2.29 64.08 -16.03 85.60 -21.73
1.71 0.00 0.00 0.00 0.00 6.77 1.20 3.51 2.18 57.07 -7.16 81.02 -18.80
1.73 0.00 0.00 0.00 0.00 4.60 0.11 3.95 1.74 29.68 -29.75 74.97 -20.28
1.74 0.00 0.00 0.00 0.00 4.60 0.11 4.38 1.53 27.21 -13.65 68.81 -18.70
1.76 0.00 0.00 0.00 0.00 4.60 0.11 4.60 1.31 16.94 -16.99 59.30 -17.21
1.77 0.00 0.00 0.00 0.00 4.60 1.20 4.82 1.20 13.01 -6.53 51.69 -16.39
1.78 0.00 0.00 0.00 0.00 6.77 0.11 5.03 0.98 17.17 -17.22 44.38 -15.10
1.80 0.00 0.00 0.00 0.00 6.77 0.11 5.25 0.76 14.15 -14.19 36.88 -15.04
1.81 0.00 0.00 0.00 0.00 6.77 0.11 5.47 0.66 15.57 -7.82 31.17 -13.64
1.83 0.00 0.00 0.00 0.00 6.77 0.11 5.68 0.44 13.97 -14.01 26.89 -14.33
1.84 0.00 0.00 0.00 0.00 4.60 0.11 5.68 0.33 0.01 -7.85 20.48 -13.52
1.86 0.00 0.00 0.00 0.00 4.60 1.20 5.47 0.33 -15.09 0.02 13.26 -12.80
1.87 0.00 0.00 0.00 0.00 4.60 1.20 5.47 0.44 -0.01 7.46 10.29 -9.08
1.89 0.00 0.00 0.00 0.00 4.60 1.20 5.47 0.55 -0.01 7.49 7.57 -6.96
1.90 0.00 0.00 0.00 0.00 4.60 1.20 5.47 0.66 -0.01 7.15 5.88 -4.55
1.92 0.00 0.00 0.00 0.00 4.60 2.29 5.47 0.76 -0.01 7.80 4.58 -3.12
1.93 0.00 0.00 0.00 0.00 4.60 1.20 5.25 0.87 -11.26 5.65 1.73 -0.83
1.95 0.00 0.00 0.00 0.00 2.43 3.38 4.82 1.20 -37.35 28.09 -3.42 3.40
1.96 0.00 0.00 0.00 0.00 2.43 1.20 4.38 1.31 -30.62 7.70 -8.04 4.95
1.97 0.00 0.00 0.00 0.00 2.43 2.29 3.95 1.53 -31.26 15.69 -12.56 7.92
1.99 0.00 0.00 0.00 0.00 0.26 2.29 3.51 1.75 -27.86 13.98 -15.35 10.10
2.00 0.00 0.00 0.00 0.00 0.26 1.20 3.08 1.75 -31.54 0.00 -16.99 10.10
2.02 0.00 0.00 0.00 0.00 0.26 2.29 2.64 1.85 -30.29 7.60 -20.02 10.12
2.03 0.00 0.00 0.00 0.00 2.43 2.29 2.43 1.96 -14.93 7.49 -21.51 10.11
2.05 0.00 0.00 0.00 0.00 -1.91 2.29 1.78 2.07 -43.82 7.31 -25.89 10.13
2.06 0.00 0.00 0.00 0.00 -1.91 3.38 1.13 2.18 -43.40 7.24 -30.23 10.08
2.08 0.00 0.00 0.00 0.00 -4.08 3.37 0.26 2.40 -60.91 15.24 -35.20 11.03
2.09 0.00 0.00 0.00 0.00 -4.08 3.37 -0.39 2.40 -44.22 -0.03 -35.89 8.22
2.11 0.00 0.00 0.00 0.00 -4.09 2.29 -1.05 2.51 -43.62 7.26 -37.19 8.18
2.12 0.00 0.00 0.00 0.00 -4.08 4.46 -1.70 2.72 -46.27 15.43 -38.69 8.15
2.13 0.00 0.00 0.00 0.00 -4.08 4.46 -2.13 2.94 -29.56 14.78 -38.86 8.23
2.15 0.00 0.00 0.00 0.00 -4.08 4.46 -2.56 3.27 -29.31 22.01 -38.63 10.43
2.16 0.00 0.00 0.00 0.00 -8.43 5.54 -3.43 3.59 -59.61 22.31 -41.57 11.90
2.18 0.00 0.00 0.00 0.00 -8.43 4.45 -4.52 3.81 -73.97 14.74 -47.47 12.63
2.20 0.00 0.00 0.00 0.00 -8.43 4.45 -5.17 4.02 -45.77 15.20 -47.67 13.42
2.21 0.00 0.00 0.00 0.00 -8.43 4.45 -5.82 4.13 -38.39 6.35 -47.16 13.33
2.22 0.00 0.00 0.00 0.00 -8.43 5.54 -6.26 4.35 -35.47 17.69 -44.62 13.57
2.24 0.00 0.00 0.00 0.00 -8.43 5.54 -6.69 4.56 -29.05 14.49 -43.10 15.02
2.25 0.00 0.00 0.00 0.00 -8.43 5.54 -7.13 4.89 -29.06 21.77 -41.65 16.48
2.27 0.00 0.00 0.00 0.00 -8.43 4.45 -7.56 4.89 -30.22 -0.05 -40.04 14.93
2.28 0.00 0.00 0.00 0.00 -8.43 4.45 -8.00 4.89 -29.42 -0.05 -40.03 13.45
2.30 0.00 0.00 0.00 0.00 -10.61 4.45 -8.65 4.89 -46.11 -0.08 -41.71 11.24
2.31 0.00 0.00 0.00 0.00 -8.43 3.37 -8.65 4.67 -0.03 -14.65 -35.75 7.54
2.32 0.00 0.00 0.00 0.00 -8.43 4.45 -8.65 4.67 0.00 0.00 -28.35 6.07
2.34 0.00 0.00 0.00 0.00 -8.43 4.45 -8.65 4.67 0.00 0.00 -23.77 4.55
2.35 0.00 0.00 0.00 0.00 -8.43 4.45 -8.65 4.67 -0.00 0.00 -19.93 3.91
2.37 0.00 0.00 0.00 0.00 -8.43 3.37 -8.65 4.45 -0.03 -15.16 -16.39 0.63
2.38 0.00 0.00 0.00 0.00 -8.43 4.45 -8.65 4.34 -0.01 -6.92 -13.49 -1.51
2.40 0.00 0.00 0.00 0.00 -8.43 4.45 -8.65 4.23 -0.01 -7.55 -10.58 -4.45
2.41 0.00 0.00 0.00 0.00 -8.43 3.37 -8.65 4.13 -0.02 -7.66 -7.56 -5.21
2.43 0.00 0.00 0.00 0.00 -8.43 3.37 -8.65 4.02 -0.02 -7.22 -4.62 -5.92
2.44 0.00 0.00 0.00 0.00 -8.43 3.37 -8.43 3.91 15.29 -7.60 1.52 -6.68
2.46 0.00 0.00 0.00 0.00 -8.43 4.45 -8.43 4.02 0.01 6.44 1.52 -4.57
2.47 0.00 0.00 0.00 0.00 -8.43 3.37 -8.43 3.91 -0.02 -8.58 1.52 -5.43
2.49 0.00 0.00 0.00 0.00 -8.43 3.37 -8.43 3.80 -0.02 -7.59 1.52 -6.18
2.50 0.00 0.00 0.00 0.00 -8.43 3.37 -8.43 3.69 -0.02 -7.59 1.52 -6.94
2.51 0.00 0.00 0.00 0.00 -6.26 2.28 -8.22 3.58 14.70 -7.33 2.99 -6.16
2.53 0.00 0.00 0.00 0.00 -6.26 3.37 -8.00 3.47 14.64 -7.30 4.46 -6.20
2.54 0.00 0.00 0.00 0.00 -4.08 3.37 -7.56 3.37 27.91 -6.93 7.25 -6.14
2.56 0.00 0.00 0.00 0.00 -4.09 2.29 -7.13 3.26 31.76 -7.89 10.43 -6.16
2.57 0.00 0.00 0.00 0.00 -4.08 3.37 -6.69 3.26 30.50 0.05 13.48 -5.43
2.59 0.00 0.00 0.00 0.00 -4.09 2.29 -6.26 3.15 29.08 -7.22 14.86 -5.39
2.60 0.00 0.00 0.00 0.00 -4.08 3.37 -5.82 3.04 31.14 -7.73 17.97 -6.81
2.62 0.00 0.00 0.00 0.00 -4.09 2.29 -5.39 2.94 29.31 -7.28 20.90 -6.68
2.63 0.00 0.00 0.00 0.00 -4.09 2.29 -4.95 2.83 29.61 -7.35 23.86 -6.66
2.65 0.00 0.00 0.00 0.00 -4.09 2.29 -4.52 2.72 28.81 -7.15 26.75 -6.61
2.66 0.00 0.00 0.00 0.00 -1.91 1.20 -4.08 2.61 30.92 -7.70 28.37 -6.65
2.67 0.00 0.00 0.00 0.00 -4.09 2.29 -3.87 2.50 15.04 -7.51 28.41 -6.67
2.69 0.00 0.00 0.00 0.00 -4.09 2.29 -3.87 2.39 -0.01 -7.62 25.62 -6.74
2.70 0.00 0.00 0.00 0.00 0.26 2.29 -3.43 2.39 28.94 0.03 25.33 -5.95
2.72 0.00 0.00 0.00 0.00 0.26 1.20 -3.00 2.18 29.24 -14.63 25.21 -7.42
2.73 0.00 0.00 0.00 0.00 0.26 2.29 -2.57 2.18 29.74 0.03 25.27 -6.69
2.75 0.00 0.00 0.00 0.00 -1.91 2.29 -2.35 2.07 15.24 -7.62 23.68 -6.68
2.76 0.00 0.00 0.00 0.00 0.26 1.20 -1.91 1.96 28.53 -7.12 23.61 -6.66
2.78 0.00 0.00 0.00 0.00 0.26 2.29 -1.48 1.96 30.71 0.03 23.72 -5.93
2.79 0.00 0.00 0.00 0.00 0.26 1.20 -1.05 1.85 27.99 -6.99 23.63 -5.91
2.81 0.00 0.00 0.00 0.00 0.26 1.20 -0.83 1.85 15.53 0.01 22.09 -5.14
2.82 0.00 0.00 0.00 0.00 0.26 1.20 -0.39 1.74 27.54 -6.88 23.35 -5.08
2.84 0.00 0.00 0.00 0.00 0.26 2.29 0.04 1.75 32.04 0.03 26.55 -4.31
2.85 0.00 0.00 0.00 0.00 0.26 2.29 0.04 1.75 0.00 0.00 23.66 -4.31
2.87 0.00 0.00 0.00 0.00 0.26 2.29 0.04 1.85 0.00 7.65 20.73 -2.08
2.88 0.00 0.00 0.00 0.00 0.26 2.29 0.04 1.85 0.00 0.00 17.76 -2.09
2.90 0.00 0.00 0.00 0.00 0.26 2.29 0.26 1.85 17.46 0.01 17.98 -1.32
2.91 0.00 0.00 0.00 0.00 0.26 2.29 0.26 1.96 0.00 5.76 15.13 -0.04
2.92 0.00 0.00 0.00 0.00 0.26 3.38 0.26 2.07 0.00 8.87 12.06 0.85
2.94 0.00 0.00 0.00 0.00 0.26 3.38 0.26 2.29 0.01 16.65 9.26 3.21
2.95 0.00 0.00 0.00 0.00 0.26 1.20 0.26 2.29 0.00 0.00 7.71 3.21
2.97 0.00 0.00 0.00 0.00 -1.91 3.38 0.04 2.51 -15.12 15.15 3.44 5.41
2.98 0.00 0.00 0.00 0.00 -1.91 2.29 -0.18 2.51 -14.82 -0.01 -1.25 5.41
3.00 0.00 0.00 0.00 0.00 -1.91 3.38 -0.39 2.62 -13.54 6.78 -2.60 6.09
3.01 0.00 0.00 0.00 0.00 -4.08 3.37 -0.83 2.72 -31.99 7.99 -5.80 6.12
3.03 0.00 0.00 0.00 0.00 -4.08 3.37 -1.26 2.83 -27.80 6.94 -8.58 6.81
3.04 0.00 0.00 0.00 0.00 -4.08 4.46 -1.70 3.05 -32.93 16.47 -13.62 8.46
3.06 0.00 0.00 0.00 0.00 -4.08 3.37 -2.13 3.16 -29.18 7.28 -16.54 8.61
3.07 0.00 0.00 0.00 0.00 -4.08 4.46 -2.56 3.27 -30.55 7.63 -19.59 8.49
3.09 0.00 0.00 0.00 0.00 -4.08 5.55 -3.00 3.48 -27.43 13.71 -22.34 8.19
3.10 0.00 0.00 0.00 0.00 -4.08 4.46 -3.43 3.81 -29.36 22.05 -25.27 10.40
3.11 0.00 0.00 0.00 0.00 -4.08 5.55 -3.65 4.03 -15.90 15.92 -25.35 10.47
3.13 0.00 0.00 0.00 0.00 -4.08 4.46 -3.87 4.24 -13.84 13.86 -25.25 11.86
3.14 0.00 0.00 0.00 0.00 -4.08 5.55 -4.08 4.46 -15.66 15.67 -25.46 12.75
3.16 0.00 0.00 0.00 0.00 -4.08 4.46 -4.08 4.57 0.01 7.42 -22.26 12.69
3.17 0.00 0.00 0.00 0.00 -4.08 5.55 -4.08 4.79 0.02 15.15 -19.48 13.51
3.19 0.00 0.00 0.00 0.00 -4.08 4.46 -4.08 4.79 -0.00 0.00 -16.19 11.87
3.20 0.00 0.00 0.00 0.00 -4.08 4.46 -4.08 4.89 0.01 7.98 -13.27 11.94
3.22 0.00 0.00 0.00 0.00 -4.08 3.37 -4.08 4.79 -0.01 -6.71 -10.22 10.50
3.23 0.00 0.00 0.00 0.00 -4.08 4.46 -4.08 4.68 -0.01 -8.07 -7.47 8.33
3.25 0.00 0.00 0.00 0.00 -4.08 3.37 -4.08 4.57 -0.01 -7.57 -4.54 5.37
3.26 0.00 0.00 0.00 0.00 -4.08 3.37 -4.08 4.35 -0.02 -14.68 -2.95 2.31
3.28 0.00 0.00 0.00 0.00 -4.08 3.37 -4.08 4.24 -0.01 -7.43 -1.57 0.18
3.29 0.00 0.00 0.00 0.00 -4.08 3.37 -4.08 4.02 -0.02 -13.55 -0.00 -2.74
3.30 0.00 0.00 0.00 0.00 -4.08 3.37 -4.08 3.92 -0.01 -8.24 -0.01 -4.31
3.32 0.00 0.00 0.00 0.00 -4.09 2.29 -4.08 3.59 -0.03 -21.20 -0.01 -7.95
3.33 0.00 0.00 0.00 0.00 -4.09 2.29 -4.08 3.37 -0.02 -14.56 -0.01 -9.40
3.35 0.00 0.00 0.00 0.00 -1.91 1.20 -3.87 3.05 15.69 -23.59 1.56 -12.56
3.36 0.00 0.00 0.00 0.00 -1.91 1.20 -3.65 2.83 14.89 -14.92 3.05 -13.38
3.38 0.00 0.00 0.00 0.00 -1.92 0.11 -3.43 2.39 15.08 -30.26 4.55 -15.60
3.39 0.00 0.00 0.00 0.00 -1.91 1.20 -3.22 2.18 14.84 -14.87 6.04 -16.33
3.41 0.00 0.00 0.00 0.00 0.26 1.20 -2.78 1.96 28.71 -14.36 8.91 -16.30
3.42 0.00 0.00 0.00 0.00 -1.91 1.20 -2.57 1.74 15.35 -15.38 10.45 -17.09
3.44 0.00 0.00 0.00 0.00 0.26 0.11 -2.13 1.42 29.02 -21.80 13.35 -17.92
3.45 0.00 0.00 0.00 0.00 0.26 0.11 -1.70 1.09 29.35 -22.05 16.29 -19.30
3.47 0.00 0.00 0.00 0.00 -1.92 0.11 -1.48 0.87 15.41 -15.45 17.83 -18.72
3.48 0.00 0.00 0.00 0.00 -1.92 0.11 -1.26 0.66 14.46 -14.49 19.28 -18.72
3.49 0.00 0.00 0.00 0.00 -0.83 -0.98 -1.16 0.44 7.53 -15.13 18.46 -17.87
3.51 0.00 0.00 0.00 0.00 0.25 -2.07 -0.94 0.11 14.79 -22.29 18.45 -18.61
3.52 0.00 0.00 0.00 0.00 -1.92 -2.07 -0.94 -0.11 -0.02 -15.02 16.94 -17.08
3.54 0.00 0.00 0.00 0.00 0.26 -0.98 -0.72 -0.32 14.78 -14.83 16.94 -17.08
3.55 0.00 0.00 0.00 0.00 -1.92 -0.98 -0.94 -0.54 -13.71 -13.76 12.70 -17.02
3.57 0.00 0.00 0.00 0.00 -1.92 -2.07 -0.94 -0.87 -0.03 -23.62 11.16 -17.84
3.58 0.00 0.00 0.00 0.00 -1.92 -2.07 -1.16 -1.09 -14.36 -14.41 6.82 -17.11
3.60 0.00 0.00 0.00 0.00 -1.92 -0.98 -1.37 -1.20 -15.90 -7.99 2.30 -15.70
3.61 0.00 0.00 0.00 0.00 0.26 -0.98 -1.16 -1.31 15.62 -7.83 2.32 -14.94
3.63 0.00 0.00 0.00 0.00 -1.92 0.11 -1.16 -1.31 -0.00 0.00 0.87 -13.49
3.64 0.00 0.00 0.00 0.00 -1.92 -0.98 -1.27 -1.31 -7.63 -0.01 -0.64 -11.98
3.65 0.00 0.00 0.00 0.00 -1.92 -0.98 -1.48 -1.20 -14.96 7.50 -3.62 -9.00
3.67 0.00 0.00 0.00 0.00 -1.92 -0.98 -1.48 -1.09 0.01 7.58 -3.62 -6.74
3.68 0.00 0.00 0.00 0.00 -1.92 -0.98 -1.70 -1.09 -14.58 -0.01 -6.55 -5.26
3.70 0.00 0.00 0.00 0.00 -1.92 -0.98 -1.70 -1.09 -0.00 0.00 -5.18 -3.88
3.71 0.00 0.00 0.00 0.00 -1.92 -0.98 -1.70 -0.98 0.01 7.46 -5.18 -0.77
3.73 0.00 0.00 0.00 0.00 -4.09 0.11 -1.92 -0.76 -15.16 15.21 -5.26 2.19
3.74 0.00 0.00 0.00 0.00 -4.09 1.20 -2.13 -0.54 -14.56 14.60 -5.12 4.45
3.76 0.00 0.00 0.00 0.00 -4.09 0.11 -2.57 -0.44 -29.43 7.35 -9.63 5.97
3.77 0.00 0.00 0.00 0.00 -4.09 0.11 -2.79 -0.44 -13.47 -0.02 -10.98 5.97
3.79 0.00 0.00 0.00 0.00 -4.09 1.20 -3.00 -0.22 -15.43 15.47 -11.76 7.51
3.80 0.00 0.00 0.00 0.00 -4.09 0.11 -3.22 -0.11 -13.69 6.85 -11.63 7.45
3.82 0.00 0.00 0.00 0.00 -4.09 2.29 -3.44 0.22 -16.74 25.20 -13.30 9.21
3.83 0.00 0.00 0.00 0.00 -4.09 1.20 -3.65 0.43 -15.15 15.20 -13.36 10.73
3.85 0.00 0.00 0.00 0.00 -4.09 2.29 -3.87 0.76 -14.05 21.15 -14.77 12.85
3.86 0.00 0.00 0.00 0.00 -4.08 3.37 -4.09 1.20 -14.96 30.05 -16.26 15.11
3.87 0.00 0.00 0.00 0.00 -4.08 3.37 -4.09 1.52 0.03 19.70 -14.74 15.56
3.89 0.00 0.00 0.00 0.00 -4.08 3.37 -4.09 1.74 0.03 18.24 -13.29 15.92
3.90 0.00 0.00 0.00 0.00 -4.09 2.29 -4.09 1.96 0.02 13.89 -10.34 16.57
3.92 0.00 0.00 0.00 0.00 -4.08 4.46 -4.09 2.39 0.05 32.38 -8.99 19.81
3.93 0.00 0.00 0.00 0.00 -4.08 4.46 -4.08 2.72 0.03 20.42 -7.44 20.31
3.95 0.00 0.00 0.00 0.00 -4.08 3.37 -4.08 3.05 0.04 23.76 -6.07 22.00
3.96 0.00 0.00 0.00 0.00 -4.08 4.46 -4.08 3.26 0.01 10.85 -4.40 20.56
3.98 0.00 0.00 0.00 0.00 -4.08 4.46 -4.08 3.59 0.04 27.84 -2.88 21.83
3.99 0.00 0.00 0.00 0.00 -4.08 4.46 -4.08 3.81 0.02 18.75 -1.47 21.59
4.01 0.00 0.00 0.00 0.00 -4.08 5.55 -4.08 4.02 0.02 14.97 0.03 20.08
4.02 0.00 0.00 0.00 0.00 -4.08 4.46 -4.08 4.13 0.01 7.38 0.03 18.85
4.03 0.00 0.00 0.00 0.00 -4.08 3.37 -4.08 4.13 0.00 0.00 0.02 17.03
4.05 0.00 0.00 0.00 0.00 -4.08 4.46 -4.08 4.35 0.02 15.29 0.02 17.17
4.06 0.00 0.00 0.00 0.00 -4.08 4.46 -4.08 4.35 0.00 0.00 0.02 13.93
4.08 0.00 0.00 0.00 0.00 -4.08 4.46 -4.08 4.35 -0.00 0.00 0.02 11.89
4.09 0.00 0.00 0.00 0.00 -4.08 4.46 -4.08 4.46 0.01 7.48 0.01 10.26
4.11 0.00 0.00 0.00 0.00 -1.91 4.46 -3.87 4.46 14.42 0.01 1.45 9.17
4.12 0.00 0.00 0.00 0.00 -4.08 3.37 -3.87 4.35 -0.01 -7.71 1.45 5.62
4.14 0.00 0.00 0.00 0.00 -1.91 4.46 -3.65 4.35 14.94 0.01 2.94 3.74
4.15 0.00 0.00 0.00 0.00 -1.91 3.38 -3.43 4.13 14.77 -14.78 4.42 0.77
4.17 0.00 0.00 0.00 0.00 -4.08 3.37 -3.43 4.03 -0.01 -7.25 4.41 -0.69
4.18 0.00 0.00 0.00 0.00 -1.91 3.38 -3.21 4.03 14.99 0.02 5.91 -0.69
4.20 0.00 0.00 0.00 0.00 -1.91 4.46 -3.00 4.03 13.67 0.01 7.28 -2.22
4.21 0.00 0.00 0.00 0.00 -4.08 3.37 -3.00 3.92 -0.01 -7.83 7.28 -3.00
4.23 0.00 0.00 0.00 0.00 -1.91 3.38 -2.78 3.81 14.10 -7.05 8.69 -3.71
4.24 0.00 0.00 0.00 0.00 -1.91 3.38 -2.56 3.70 14.58 -7.29 10.15 -5.18
4.26 0.00 0.00 0.00 0.00 -1.91 3.38 -2.56 3.59 -0.01 -7.82 8.70 -5.97
4.27 0.00 0.00 0.00 0.00 0.26 3.38 -2.13 3.59 28.88 0.02 11.59 -5.19
4.28 0.00 0.00 0.00 0.00 -1.91 1.20 -2.13 3.27 -0.02 -23.46 10.10 -7.54
4.30 0.00 0.00 0.00 0.00 0.26 1.20 -1.91 3.05 15.38 -15.42 10.16 -7.61
4.31 0.00 0.00 0.00 0.00 -1.91 2.29 -1.70 2.94 14.89 -7.45 11.65 -7.63
4.33 0.00 0.00 0.00 0.00 0.26 2.29 -1.48 2.83 15.13 -7.57 11.66 -8.38
4.34 0.00 0.00 0.00 0.00 0.26 2.29 -1.26 2.61 14.40 -14.43 11.73 -9.83
4.36 0.00 0.00 0.00 0.00 0.26 1.20 -0.83 2.40 28.65 -14.33 14.60 -10.48
4.37 0.00 0.00 0.00 0.00 0.26 2.29 -0.61 2.29 14.70 -7.36 14.66 -10.51
4.39 0.00 0.00 0.00 0.00 -1.92 0.11 -0.61 1.96 -0.02 -23.50 13.20 -12.13
4.40 0.00 0.00 0.00 0.00 0.26 2.29 -0.39 1.85 14.63 -7.32 14.66 -12.08
4.41 0.00 0.00 0.00 0.00 0.26 1.20 -0.39 1.64 -0.01 -14.72 11.77 -13.56
4.43 0.00 0.00 0.00 0.00 0.26 0.11 -0.18 1.53 15.50 -7.77 13.33 -11.99
4.45 0.00 0.00 0.00 0.00 0.26 2.29 -0.18 1.64 0.00 7.19 11.79 -9.73
4.46 0.00 0.00 0.00 0.00 0.26 1.20 0.04 1.53 13.17 -6.59 11.62 -9.64
4.47 0.00 0.00 0.00 0.00 -0.83 2.29 -0.07 1.53 -8.43 -0.00 9.26 -8.88
4.49 0.00 0.00 0.00 0.00 0.26 2.29 -0.07 1.53 0.00 0.00 7.82 -7.44
4.50 0.00 0.00 0.00 0.00 0.26 2.29 -0.07 1.64 0.00 7.32 4.96 -5.28
4.52 0.00 0.00 0.00 0.00 -1.91 2.29 -0.29 1.64 -15.43 -0.01 1.94 -4.54
4.53 0.00 0.00 0.00 0.00 -1.91 2.29 -0.29 1.85 0.02 15.39 1.95 -0.65
4.55 0.00 0.00 0.00 0.00 -4.08 3.37 -0.72 1.96 -29.23 7.30 -2.44 0.81
4.56 0.00 0.00 0.00 0.00 -4.09 2.29 -1.15 2.07 -29.66 7.40 -5.40 3.02
4.58 0.00 0.00 0.00 0.00 -1.91 2.29 -1.37 2.29 -14.92 14.96 -8.45 5.29
4.59 0.00 0.00 0.00 0.00 -4.08 3.37 -1.80 2.40 -29.62 7.39 -11.41 5.31
4.60 0.00 0.00 0.00 0.00 -4.09 2.29 -2.24 2.50 -30.48 7.61 -15.77 6.74
4.62 0.00 0.00 0.00 0.00 -4.08 3.37 -2.56 2.61 -24.04 8.00 -17.34 7.54
4.63 0.00 0.00 0.00 0.00 -4.08 3.37 -3.00 2.72 -28.78 7.18 -20.21 8.25
4.65 0.00 0.00 0.00 0.00 -4.08 3.37 -3.43 2.83 -29.49 7.36 -23.16 8.26
4.66 0.00 0.00 0.00 0.00 -4.08 3.37 -3.65 2.94 -15.40 7.70 -23.16 9.03
4.68 0.00 0.00 0.00 0.00 -4.08 3.37 -3.87 3.05 -14.27 7.13 -24.59 8.20
4.69 0.00 0.00 0.00 0.00 -4.08 3.37 -3.87 3.05 0.00 0.00 -21.67 7.47
4.71 0.00 0.00 0.00 0.00 -4.08 3.37 -3.87 3.16 0.01 7.77 -18.70 7.51
4.72 0.00 0.00 0.00 0.00 -4.08 3.37 -4.08 3.26 -15.04 7.52 -18.71 6.77
4.74 0.00 0.00 0.00 0.00 -4.08 4.46 -4.08 3.37 0.01 7.52 -15.75 6.78
4.75 0.00 0.00 0.00 0.00 -4.08 4.46 -4.08 3.59 0.02 14.41 -12.70 7.46
4.77 0.00 0.00 0.00 0.00 -4.08 3.37 -4.08 3.59 0.00 0.00 -10.29 6.66
4.78 0.00 0.00 0.00 0.00 -4.09 2.29 -4.08 3.48 -0.01 -7.01 -7.42 5.24
4.80 0.00 0.00 0.00 0.00 -4.08 5.55 -4.08 3.70 0.02 15.88 -4.47 6.09
4.81 0.00 0.00 0.00 0.00 -4.08 5.55 -4.08 3.92 0.02 13.58 -2.92 6.68
4.82 0.00 0.00 0.00 0.00 -4.08 3.37 -4.08 3.92 0.00 0.00 -1.50 5.97
4.84 0.00 0.00 0.00 0.00 -4.08 5.55 -4.08 4.13 0.02 15.14 -1.50 7.48
4.85 0.00 0.00 0.00 0.00 -4.08 4.46 -4.08 4.24 0.01 7.87 -1.50 7.49
4.87 0.00 0.00 0.00 0.00 -4.08 4.46 -4.08 4.35 0.01 7.39 0.01 7.48
4.88 0.00 0.00 0.00 0.00 -4.08 5.55 -4.08 4.46 0.01 7.35 0.01 7.46
4.90 0.00 0.00 0.00 0.00 -1.91 5.55 -3.87 4.57 14.38 7.20 1.44 6.74
4.91 0.00 0.00 0.00 0.00 -4.08 4.46 -3.87 4.68 0.01 7.49 1.45 7.49
4.93 0.00 0.00 0.00 0.00 -1.91 4.46 -3.65 4.89 14.85 14.87 2.93 9.68
4.94 0.00 0.00 0.00 0.00 -1.91 4.46 -3.43 4.79 14.63 -7.31 4.39 7.36
4.96 0.00 0.00 0.00 0.00 -4.08 4.46 -3.43 4.68 -0.01 -7.79 4.39 5.22
4.97 0.00 0.00 0.00 0.00 0.26 4.46 -3.00 4.79 29.57 7.42 7.35 5.96
4.98 0.00 0.00 0.00 0.00 -1.91 5.55 -2.78 4.79 14.70 0.01 8.82 4.45
5.00 0.00 0.00 0.00 0.00 0.26 3.38 -2.35 4.68 29.30 -7.31 11.74 2.93
5.01 80.00 0.00 0.00 0.00 0.26 4.46 -1.91 4.68 25.77 0.02 14.32 2.20
5.03 80.00 0.00 0.00 0.00 0.26 5.55 -1.48 4.68 33.64 0.02 17.68 1.46
5.05 80.00 0.00 0.00 0.00 0.26 4.46 -1.26 4.57 14.87 -7.44 17.73 -0.00
5.06 80.00 0.00 0.00 0.00 0.26 4.46 -0.83 4.57 27.08 0.02 20.44 -0.75
5.07 80.00 0.00 0.00 0.00 0.26 5.55 -0.61 4.68 16.97 8.50 20.65 -1.39
5.09 80.00 0.00 0.00 0.00 0.26 5.55 -0.39 4.79 15.47 7.75 20.73 0.12
5.10 80.00 0.00 0.00 0.00 0.26 5.55 0.04 4.90 29.07 7.29 23.64 1.63
5.12 80.00 0.00 0.00 0.00 4.60 6.63 0.47 5.11 28.99 14.51 23.59 2.34
5.13 80.00 0.00 0.00 0.00 4.60 5.55 1.13 5.11 43.98 0.00 26.51 2.34
5.15 80.00 0.00 0.00 0.00 4.60 6.63 1.56 5.44 29.94 22.48 26.58 5.32
5.16 80.00 0.00 0.00 0.00 4.60 6.63 1.99 5.66 29.81 14.92 26.98 6.81
5.18 80.00 0.00 0.00 0.00 8.94 5.54 2.86 5.66 61.32 -0.03 29.75 6.80
5.19 80.00 0.00 0.00 0.00 8.94 5.54 3.73 5.76 56.92 7.10 33.95 8.25
5.20 80.00 0.00 0.00 0.00 8.94 5.54 4.60 5.87 59.80 7.46 37.23 9.00
5.22 80.00 0.00 0.00 0.00 13.29 5.54 5.90 5.87 92.10 -0.07 44.74 8.14
5.23 80.00 0.00 0.00 0.00 13.29 5.54 7.20 5.87 74.61 -0.06 50.65 7.36
5.25 80.00 0.00 0.00 0.00 15.47 4.45 8.72 5.76 125.38 -9.09 60.28 5.72
5.26 80.00 0.00 0.00 0.00 17.65 5.53 10.03 5.65 83.62 -7.07 65.75 3.56
5.28 80.00 0.00 0.00 0.00 22.05 4.43 11.77 5.54 126.51 -8.14 74.00 2.75
5.29 80.00 0.00 0.00 0.00 22.05 4.43 13.52 5.32 121.43 -15.36 83.15 -1.03
5.31 80.00 0.00 0.00 0.00 26.47 4.41 15.71 5.09 146.29 -14.89 94.80 -4.02
5.32 80.00 0.00 0.00 0.00 28.69 4.40 17.68 4.98 138.33 -8.05 102.50 -4.82
5.34 80.00 0.00 0.00 0.00 28.69 4.40 19.66 4.86 127.13 -7.40 109.52 -6.27
5.35 80.00 0.00 0.00 0.00 33.17 3.27 22.08 4.64 171.02 -16.04 120.64 -8.62
5.36 80.00 0.00 0.00 0.00 37.70 3.24 24.52 4.41 170.90 -16.10 128.52 -10.22
5.38 80.00 0.00 0.00 0.00 39.98 3.22 27.19 4.18 185.26 -16.09 139.59 -11.82
5.39 80.00 0.00 0.00 0.00 42.28 3.20 29.87 4.05 181.30 -8.42 145.18 -11.76
5.41 80.00 0.00 0.00 0.00 42.29 2.09 32.34 3.71 169.17 -23.60 153.73 -13.41
5.42 80.00 0.00 0.00 0.00 46.94 2.04 34.83 3.47 168.86 -16.16 157.97 -14.21
5.44 80.00 0.00 0.00 0.00 49.28 3.13 37.55 3.34 181.12 -8.59 163.94 -13.53
5.45 80.00 0.00 0.00 0.00 54.05 1.96 40.31 3.10 173.24 -15.37 166.63 -13.58
5.47 80.00 0.00 0.00 0.00 54.07 0.83 42.84 2.74 189.43 -26.59 171.74 -15.44
5.48 80.00 0.00 0.00 0.00 58.90 1.89 45.87 2.49 202.10 -16.74 179.24 -16.37
5.50 80.00 0.00 0.00 0.00 61.37 1.86 48.69 2.35 203.59 -10.20 182.50 -15.79
5.51 80.00 0.00 0.00 0.00 63.90 -0.46 51.31 1.98 165.31 -23.35 181.94 -16.51
5.53 80.00 0.00 0.00 0.00 63.86 1.82 53.69 1.84 170.96 -10.02 180.51 -15.90
5.54 80.00 0.00 0.00 0.00 63.90 -0.46 55.86 1.47 157.22 -26.63 178.10 -17.73
5.56 80.00 0.00 0.00 0.00 66.43 -0.51 58.27 1.21 159.50 -17.19 177.13 -17.08
5.57 80.00 0.00 0.00 0.00 68.93 1.74 60.47 1.18 152.69 -2.10 175.52 -15.68
5.58 80.00 0.00 0.00 0.00 71.60 -1.77 62.70 0.69 154.19 -33.89 172.82 -18.21
5.60 80.00 0.00 0.00 0.00 71.52 1.70 64.45 0.66 128.78 -1.92 168.38 -16.86
5.61 80.00 0.00 0.00 0.00 74.14 1.65 66.45 0.75 136.31 5.56 163.07 -13.65
5.63 80.00 0.00 0.00 0.00 76.82 0.44 68.25 0.60 122.84 -9.98 155.14 -12.97
5.64 80.00 0.00 0.00 0.00 76.77 2.77 69.79 0.69 104.29 6.16 145.21 -11.33
5.66 80.00 0.00 0.00 0.00 76.77 2.77 71.07 1.01 88.99 22.34 137.58 -6.77
5.67 80.00 0.00 0.00 0.00 76.82 0.44 72.37 0.88 85.57 -9.13 129.04 -6.68
5.69 80.00 0.00 0.00 0.00 76.79 1.60 73.66 1.08 90.26 14.46 122.34 -2.57
5.70 80.00 0.00 0.00 0.00 82.21 2.68 75.24 1.40 104.24 21.05 116.82 1.26
5.72 80.00 0.00 0.00 0.00 79.45 3.89 76.29 1.62 72.33 14.80 108.78 2.95
5.73 80.00 0.00 0.00 0.00 82.21 2.68 77.35 2.06 72.77 30.51 100.64 9.39
5.74 80.00 0.00 0.00 0.00 82.18 3.85 78.42 2.28 75.90 15.33 95.35 11.11
5.76 80.00 0.00 0.00 0.00 82.21 2.68 79.22 2.38 54.22 6.89 87.14 11.24
5.77 80.00 0.00 0.00 0.00 79.45 3.89 79.49 2.72 17.89 23.54 76.65 14.59
5.79 80.00 0.00 0.00 0.00 82.23 1.50 80.03 2.60 38.11 -8.85 70.03 13.09
5.80 80.00 0.00 0.00 0.00 82.18 3.85 80.57 2.71 35.92 7.19 64.72 11.58
5.82 80.00 0.00 0.00 0.00 82.18 3.85 81.11 3.05 36.58 23.28 59.82 14.82
5.83 80.00 0.00 0.00 0.00 82.18 3.85 81.65 3.27 36.26 15.12 54.42 14.89
5.85 80.00 0.00 0.00 0.00 79.43 5.06 81.37 3.51 -19.80 16.99 42.02 14.48
5.86 80.00 0.00 0.00 0.00 79.45 3.89 81.37 3.51 0.00 0.00 34.79 13.00
5.88 80.00 0.00 0.00 0.00 79.43 5.06 81.09 3.75 -18.49 15.87 25.66 11.54
5.89 80.00 0.00 0.00 0.00 79.43 5.06 80.82 3.87 -18.77 8.24 16.19 10.83
5.91 80.00 0.00 0.00 0.00 74.08 5.13 80.00 4.12 -52.94 15.95 5.48 11.73
5.92 80.00 0.00 0.00 0.00 76.73 5.09 79.73 4.24 -18.84 8.35 1.80 10.21
5.94 80.00 0.00 0.00 0.00 74.08 5.13 78.92 4.60 -59.30 26.37 -7.94 13.74
5.95 80.00 0.00 0.00 0.00 74.08 5.13 78.11 4.73 -52.30 8.23 -16.76 13.84
5.96 80.00 0.00 0.00 0.00 76.72 6.26 77.56 4.97 -35.95 15.82 -24.01 13.09
5.98 80.00 0.00 0.00 0.00 74.06 6.28 76.75 5.21 -58.22 17.43 -33.46 13.32
5.99 80.00 0.00 0.00 0.00 74.05 7.44 76.21 5.45 -36.13 15.98 -35.09 13.22
6.01 80.00 0.00 0.00 0.00 71.48 4.00 75.41 5.46 -50.69 0.71 -40.16 13.29
6.02 80.00 0.00 0.00 0.00 74.06 6.28 74.88 5.58 -39.35 8.96 -42.25 12.60
6.04 80.00 0.00 0.00 0.00 71.45 6.31 74.08 5.70 -56.76 8.87 -46.05 12.67
6.05 80.00 0.00 0.00 0.00 71.44 7.46 73.82 5.94 -18.22 16.08 -42.58 12.68
6.07 80.00 0.00 0.00 0.00 68.88 5.19 73.03 5.95 -53.34 0.62 -46.03 11.91
6.08 80.00 0.00 0.00 0.00 68.88 5.19 72.51 5.95 -34.84 0.39 -43.58 9.31
6.10 80.00 0.00 0.00 0.00 68.88 5.19 71.99 5.96 -35.59 0.40 -41.91 8.53
6.11 80.00 0.00 0.00 0.00 68.87 6.33 71.21 5.97 -55.89 0.54 -43.90 7.00
6.13 80.00 0.00 0.00 0.00 66.33 5.21 70.43 5.86 -51.24 -7.09 -43.20 4.55
6.14 80.00 0.00 0.00 0.00 66.32 6.35 69.66 5.75 -50.25 -7.04 -44.62 2.24
6.15 80.00 0.00 0.00 0.00 63.83 4.10 68.89 5.76 -55.82 0.70 -45.13 2.24
6.17 80.00 0.00 0.00 0.00 63.84 2.96 67.87 5.43 -70.28 -22.83 -48.22 -0.94
6.18 80.00 0.00 0.00 0.00 63.81 5.24 67.11 5.32 -48.91 -6.85 -47.44 -2.51
6.20 80.00 0.00 0.00 0.00 63.81 5.24 66.34 5.10 -56.83 -16.55 -51.30 -5.77
6.21 80.00 0.00 0.00 0.00 63.83 4.10 65.84 4.99 -33.89 -7.27 -49.35 -6.56
6.23 80.00 0.00 0.00 0.00 61.34 4.13 65.09 4.89 -47.72 -6.68 -50.64 -7.27
6.24 80.00 0.00 0.00 0.00 61.37 1.86 64.33 4.55 -48.35 -21.41 -51.92 -9.45
6.26 80.00 0.00 0.00 0.00 63.84 2.96 63.83 4.22 -39.59 -26.55 -50.29 -12.16
6.27 80.00 0.00 0.00 0.00 61.35 2.99 63.33 3.99 -34.91 -15.55 -48.65 -13.00
6.29 80.00 0.00 0.00 0.00 63.84 2.96 63.09 3.65 -16.90 -23.15 -45.32 -14.61
6.30 80.00 0.00 0.00 0.00 63.84 2.96 63.09 3.54 0.11 -7.62 -39.73 -15.45
6.32 80.00 0.00 0.00 0.00 63.84 2.96 63.09 3.54 0.00 0.00 -32.70 -13.16
6.33 80.00 0.00 0.00 0.00 61.35 2.99 62.84 3.32 -16.49 -15.04 -29.46 -13.98
6.34 80.00 0.00 0.00 0.00 63.88 0.68 62.85 2.86 0.46 -31.25 -23.73 -15.45
6.36 80.00 0.00 0.00 0.00 63.84 2.96 62.85 2.75 0.10 -7.46 -20.33 -15.47
6.37 80.00 0.00 0.00 0.00 61.35 2.99 62.85 2.63 0.11 -8.09 -15.55 -15.61
6.39 80.00 0.00 0.00 0.00 63.86 1.82 63.10 2.63 17.17 -0.26 -8.99 -13.50
6.40 80.00 0.00 0.00 0.00 63.84 2.96 63.10 2.63 0.00 0.00 -5.03 -10.84
6.42 80.00 0.00 0.00 0.00 63.84 2.96 63.35 2.63 16.99 -0.22 0.16 -9.31
6.43 80.00 0.00 0.00 0.00 66.38 1.78 63.60 2.51 17.37 -8.07 3.58 -7.80
6.45 80.00 0.00 0.00 0.00 63.86 1.82 63.61 2.39 0.12 -7.36 3.58 -7.78
6.46 80.00 0.00 0.00 0.00 66.38 1.78 63.86 2.28 16.92 -7.86 5.27 -8.56
6.48 80.00 0.00 0.00 0.00 66.43 -0.51 64.37 1.93 37.54 -25.92 10.68 -9.65
6.49 80.00 0.00 0.00 0.00 66.40 0.64 64.62 1.92 16.36 -0.28 12.27 -6.55
6.51 80.00 0.00 0.00 0.00 68.93 1.74 65.13 1.80 37.04 -8.88 15.96 -6.69
6.52 80.00 0.00 0.00 0.00 68.91 2.89 65.88 1.79 51.80 -0.71 21.13 -5.96
6.54 80.00 0.00 0.00 0.00 68.93 1.74 66.39 1.78 33.03 -0.52 22.72 -5.98
6.55 80.00 0.00 0.00 0.00 68.91 2.89 66.90 1.77 31.33 -0.44 25.85 -6.03
6.56 80.00 0.00 0.00 0.00 71.50 2.85 67.66 1.76 58.87 -0.84 30.04 -6.09
6.58 80.00 0.00 0.00 0.00 71.50 2.85 68.18 1.87 34.74 7.26 31.77 -4.56
6.59 80.00 0.00 0.00 0.00 71.50 2.85 68.94 1.97 53.82 7.26 37.14 -3.09
6.61 80.00 0.00 0.00 0.00 74.14 1.65 69.71 1.96 57.69 -0.97 41.22 -2.40
6.62 80.00 0.00 0.00 0.00 74.14 1.65 70.49 2.18 52.32 14.67 42.70 1.65
6.64 80.00 0.00 0.00 0.00 74.12 2.81 71.26 2.39 53.50 15.08 46.41 3.19
6.65 80.00 0.00 0.00 0.00 74.14 1.65 71.78 2.38 33.92 -0.58 46.10 4.02
6.67 80.00 0.00 0.00 0.00 74.12 2.81 72.30 2.38 36.53 -0.55 44.57 4.04
6.68 80.00 0.00 0.00 0.00 74.12 2.81 72.82 2.48 34.80 7.19 44.75 4.81
6.70 80.00 0.00 0.00 0.00 74.12 2.81 73.34 2.48 36.13 -0.55 45.23 4.80
6.71 80.00 0.00 0.00 0.00 74.12 2.81 73.60 2.47 17.40 -0.27 41.09 4.85
6.72 80.00 0.00 0.00 0.00 74.10 3.97 73.86 2.58 18.54 7.97 39.47 4.92
6.74 80.00 0.00 0.00 0.00 76.75 3.93 74.38 2.69 35.75 7.35 37.66 4.93
6.75 80.00 0.00 0.00 0.00 79.45 3.89 74.91 2.92 36.03 15.21 35.49 6.55
6.77 80.00 0.00 0.00 0.00 76.75 3.93 75.18 3.14 18.29 15.96 32.09 6.68
6.78 80.00 0.00 0.00 0.00 79.45 3.89 75.71 3.25 35.70 7.25 30.31 5.90
6.80 80.00 0.00 0.00 0.00 79.52 0.38 76.25 3.12 36.48 -8.61 30.57 5.09
6.81 80.00 0.00 0.00 0.00 79.45 3.89 76.78 3.23 36.95 7.50 30.61 5.90
6.83 80.00 0.00 0.00 0.00 79.45 3.89 77.31 3.34 36.97 7.50 30.82 5.93
6.84 80.00 0.00 0.00 0.00 79.49 1.55 77.85 3.22 35.27 -8.25 30.74 5.16
6.86 80.00 0.00 0.00 0.00 79.45 3.89 78.38 3.32 35.93 7.29 32.59 5.92
6.87 80.00 0.00 0.00 0.00 79.47 2.72 78.92 3.20 37.53 -8.70 34.49 4.25
6.89 80.00 0.00 0.00 0.00 79.43 5.06 79.19 3.31 17.58 7.42 32.67 4.26
6.90 80.00 0.00 0.00 0.00 76.73 5.09 78.92 3.43 -18.96 8.40 27.18 3.58
6.91 80.00 0.00 0.00 0.00 79.43 5.06 79.19 3.54 18.45 7.78 27.19 2.76
6.93 80.00 0.00 0.00 0.00 79.43 5.06 79.18 3.66 -0.12 7.83 23.61 2.82
6.94 80.00 0.00 0.00 0.00 76.75 3.93 78.91 4.02 -19.84 25.45 17.98 6.22
6.96 80.00 0.00 0.00 0.00 76.73 5.09 78.64 4.14 -18.30 8.11 12.45 6.28
6.97 80.00 0.00 0.00 0.00 76.75 3.93 78.37 4.14 -18.82 0.27 6.87 5.56
6.99 80.00 0.00 0.00 0.00 79.43 5.06 78.36 4.49 -0.43 23.62 3.30 8.75
7.00 80.00 0.00 0.00 0.00 76.75 3.93 78.09 4.50 -19.12 0.28 -2.20 8.05
7.02 80.00 0.00 0.00 0.00 76.75 3.93 77.82 4.62 -17.85 7.94 -7.74 9.71
7.03 80.00 0.00 0.00 0.00 76.75 3.93 77.55 4.50 -18.32 -7.73 -11.33 8.20
7.05 80.00 0.00 0.00 0.00 76.75 3.93 77.55 4.39 0.12 -7.98 -9.42 6.56
7.06 80.00 0.00 0.00 0.00 76.75 3.93 77.28 4.27 -18.48 -7.80 -13.12 5.00
7.07 80.00 0.00 0.00 0.00 76.75 3.93 77.02 4.16 -18.48 -7.79 -14.95 3.44
7.09 80.00 0.00 0.00 0.00 76.73 5.09 77.02 4.28 -0.12 7.99 -12.98 1.69
7.10 80.00 0.00 0.00 0.00 74.10 3.97 76.75 4.16 -18.20 -7.77 -12.97 0.10
7.12 80.00 0.00 0.00 0.00 76.77 2.77 76.75 4.05 0.14 -7.90 -11.07 -0.71
7.13 80.00 0.00 0.00 0.00 71.50 2.85 75.96 3.83 -53.18 -14.82 -16.35 -4.56
7.15 80.00 0.00 0.00 0.00 74.10 3.97 75.69 3.83 -17.84 0.25 -16.22 -4.56
7.16 80.00 0.00 0.00 0.00 74.10 3.97 75.43 3.84 -17.76 0.25 -16.21 -5.33
7.18 80.00 0.00 0.00 0.00 74.10 3.97 75.16 3.84 -17.73 0.25 -16.15 -4.53
7.19 80.00 0.00 0.00 0.00 74.12 2.81 74.90 3.73 -18.61 -7.91 -18.03 -4.52
7.21 80.00 0.00 0.00 0.00 71.50 2.85 74.37 3.62 -37.17 -7.64 -19.90 -4.51
7.22 80.00 0.00 0.00 0.00 74.10 3.97 74.11 3.62 -17.56 0.25 -19.80 -3.70
7.24 80.00 0.00 0.00 0.00 74.14 1.65 73.85 3.28 -18.57 -24.62 -21.65 -6.97
7.25 80.00 0.00 0.00 0.00 71.52 1.70 73.59 3.05 -17.05 -15.02 -21.53 -7.69
7.27 80.00 0.00 0.00 0.00 74.14 1.65 73.33 2.94 -17.92 -7.60 -23.34 -7.66
7.28 80.00 0.00 0.00 0.00 74.10 3.97 73.59 3.05 16.24 6.98 -16.40 -5.48
7.30 80.00 0.00 0.00 0.00 74.12 2.81 73.59 2.94 0.15 -9.06 -14.60 -6.41
7.31 80.00 0.00 0.00 0.00 74.16 0.49 73.60 2.59 0.42 -21.97 -12.78 -8.64
7.32 80.00 0.00 0.00 0.00 71.50 2.85 73.34 2.48 -19.12 -8.22 -12.92 -9.48
7.34 80.00 0.00 0.00 0.00 71.50 2.85 73.08 2.48 -17.45 0.27 -12.80 -8.66
7.35 80.00 0.00 0.00 0.00 71.50 2.85 73.08 2.48 0.00 0.00 -9.09 -7.90
7.37 80.00 0.00 0.00 0.00 74.16 0.49 73.08 2.13 0.42 -21.94 -7.29 -10.12
7.38 80.00 0.00 0.00 0.00 74.14 1.65 73.08 2.13 0.00 0.00 -5.43 -7.66
7.40 80.00 0.00 0.00 0.00 71.50 2.85 73.08 2.25 -0.14 7.82 -3.74 -5.37
7.41 80.00 0.00 0.00 0.00 74.14 1.65 73.08 2.25 0.00 0.00 -1.95 -4.61
7.43 80.00 0.00 0.00 0.00 74.14 1.65 73.08 2.02 0.30 -16.56 -3.54 -6.97
7.44 80.00 0.00 0.00 0.00 74.16 0.49 73.09 1.78 0.32 -15.71 -3.53 -7.63
7.46 80.00 0.00 0.00 0.00 71.54 0.54 72.83 1.79 -17.93 0.35 -5.36 -5.40
7.47 80.00 0.00 0.00 0.00 74.14 1.65 73.09 1.67 17.92 -8.14 -1.66 -5.39
7.48 80.00 0.00 0.00 0.00 74.16 0.49 73.36 1.43 18.59 -16.46 1.95 -7.06
7.50 80.00 0.00 0.00 0.00 74.16 0.49 73.62 1.20 18.01 -15.94 3.75 -8.66
7.51 80.00 0.00 0.00 0.00 74.14 1.65 73.62 1.31 -0.17 8.19 3.69 -5.65
7.53 80.00 0.00 0.00 0.00 71.54 0.54 73.36 1.20 -17.35 -7.41 1.95 -6.39
7.54 80.00 0.00 0.00 0.00 74.14 1.65 73.63 1.08 17.01 -7.72 3.67 -7.94
7.56 80.00 0.00 0.00 0.00 74.14 1.65 73.63 1.08 0.00 0.00 3.67 -7.94
7.57 80.00 0.00 0.00 0.00 74.19 -0.67 73.63 0.85 0.32 -14.30 3.67 -7.71
7.59 80.00 0.00 0.00 0.00 74.16 0.49 73.63 0.85 0.00 0.00 3.64 -6.14
7.60 80.00 0.00 0.00 0.00 74.14 1.65 73.89 0.96 18.50 7.90 7.28 -5.39
7.62 80.00 0.00 0.00 0.00 74.16 0.49 73.89 0.85 0.17 -8.06 5.51 -5.38
7.63 80.00 0.00 0.00 0.00 74.16 0.49 73.89 0.85 0.00 0.00 3.65 -3.73
7.65 80.00 0.00 0.00 0.00 74.19 -0.67 73.90 0.73 0.19 -8.05 1.87 -2.95
7.66 80.00 0.00 0.00 0.00 71.50 2.85 73.63 0.85 -18.14 8.24 0.07 -2.94
7.67 80.00 0.00 0.00 0.00 74.16 0.49 73.89 0.84 18.41 -0.36 3.65 -2.24
7.69 80.00 0.00 0.00 0.00 74.16 0.49 73.90 0.73 0.17 -8.05 1.96 -2.27
7.70 80.00 0.00 0.00 0.00 74.14 1.65 73.90 0.73 0.00 0.00 1.96 -2.27
7.72 80.00 0.00 0.00 0.00 74.19 -0.67 73.90 0.73 0.00 0.00 1.93 -0.84
7.73 80.00 0.00 0.00 0.00 74.22 -1.83 73.90 0.50 0.39 -15.84 1.97 -2.42
7.75 80.00 0.00 0.00 0.00 74.16 0.49 73.90 0.38 0.17 -7.83 0.14 -3.99
7.76 80.00 0.00 0.00 0.00 74.16 0.49 73.90 0.38 0.00 0.00 0.12 -3.19
7.78 80.00 0.00 0.00 0.00 74.12 2.81 73.90 0.61 -0.30 14.94 0.09 -1.69
7.79 80.00 0.00 0.00 0.00 74.12 2.81 73.89 0.96 -0.50 23.47 0.02 1.46
7.81 80.00 0.00 0.00 0.00 74.12 2.81 74.15 0.96 18.92 -0.29 3.73 0.60
7.82 80.00 0.00 0.00 0.00 74.12 2.81 74.15 1.19 -0.26 13.07 1.86 1.95
7.83 80.00 0.00 0.00 0.00 74.12 2.81 74.14 1.42 -0.39 19.55 1.80 4.71
7.85 80.00 0.00 0.00 0.00 74.14 1.65 74.14 1.42 0.00 0.00 1.80 4.71
7.86 80.00 0.00 0.00 0.00 74.12 2.81 74.14 1.77 -0.52 24.26 1.75 7.13
7.88 80.00 0.00 0.00 0.00 74.10 3.97 74.12 2.35 -0.82 38.27 1.63 12.54
7.89 80.00 0.00 0.00 0.00 74.10 3.97 74.12 2.69 -0.45 23.76 1.57 15.70
7.91 80.00 0.00 0.00 0.00 74.10 3.97 74.11 3.04 -0.45 23.51 1.52 18.05
7.92 80.00 0.00 0.00 0.00 74.12 2.81 74.11 3.04 0.00 0.00 1.55 16.56
7.94 80.00 0.00 0.00 0.00 74.12 2.81 74.11 3.04 0.00 0.00 1.60 14.21
7.95 80.00 0.00 0.00 0.00 74.10 3.97 74.11 3.16 -0.15 9.05 -0.30 15.15
7.97 80.00 0.00 0.00 0.00 74.10 3.97 74.11 3.27 -0.12 7.35 -0.29 14.57
7.98 80.00 0.00 0.00 0.00 76.77 2.77 74.37 3.27 20.10 -0.32 1.76 12.59
8.00 80.00 0.00 0.00 0.00 74.12 2.81 74.37 3.39 -0.15 7.66 1.74 13.35
8.01 80.00 0.00 0.00 0.00 74.10 3.97 74.37 3.50 -0.13 8.03 1.78 11.73
8.03 80.00 0.00 0.00 0.00 74.10 3.97 74.37 3.50 0.00 0.00 1.86 7.90
8.04 80.00 0.00 0.00 0.00 76.79 1.60 74.64 3.27 17.61 -15.43 3.67 3.98
8.06 80.00 0.00 0.00 0.00 74.12 2.81 74.64 3.15 0.14 -8.33 3.73 0.80
8.07 80.00 0.00 0.00 0.00 74.10 3.97 74.64 3.27 -0.13 7.47 3.72 1.55
8.09 80.00 0.00 0.00 0.00 74.12 2.81 74.64 3.27 0.00 0.00 3.72 1.55
8.10 80.00 0.00 0.00 0.00 74.14 1.65 74.64 3.03 0.25 -14.23 3.76 -0.78
8.11 80.00 0.00 0.00 0.00 74.12 2.81 74.65 2.92 0.14 -8.34 3.78 -2.35
8.13 80.00 0.00 0.00 0.00 71.54 0.54 74.12 2.70 -38.44 -16.36 -2.07 -3.95
8.14 80.00 0.00 0.00 0.00 74.12 2.81 74.12 2.70 0.00 -0.00 -2.06 -4.72
8.16 80.00 0.00 0.00 0.00 74.12 2.81 74.12 2.58 0.15 -8.95 -2.03 -6.42
8.17 80.00 0.00 0.00 0.00 74.19 -0.67 74.13 2.12 0.58 -28.93 -1.97 -9.31
8.19 80.00 0.00 0.00 0.00 71.52 1.70 73.61 2.12 -38.98 0.69 -7.63 -7.70
8.20 80.00 0.00 0.00 0.00 76.79 1.60 73.87 2.00 18.07 -8.14 -5.84 -7.68
8.22 80.00 0.00 0.00 0.00 74.19 -0.67 73.88 1.54 0.65 -32.18 -5.76 -11.64
8.23 80.00 0.00 0.00 0.00 76.82 0.44 74.15 1.30 18.26 -16.02 -3.93 -13.24
8.25 80.00 0.00 0.00 0.00 76.82 0.44 74.42 1.18 17.49 -7.91 -2.21 -12.61
8.26 80.00 0.00 0.00 0.00 74.14 1.65 74.42 1.07 0.15 -8.00 -2.21 -12.58
8.27 80.00 0.00 0.00 0.00 74.16 0.49 74.69 1.06 17.07 -0.33 3.35 -10.98
8.29 80.00 0.00 0.00 0.00 74.19 -0.67 74.69 0.71 0.55 -25.71 3.40 -13.55
8.30 80.00 0.00 0.00 0.00 74.16 0.49 74.70 0.48 0.31 -15.35 3.42 -14.19
8.32 80.00 0.00 0.00 0.00 76.82 0.44 74.96 0.59 18.50 7.79 5.21 -10.51
8.33 80.00 0.00 0.00 0.00 74.19 -0.67 75.23 0.35 17.99 -15.94 10.90 -12.18
8.35 80.00 0.00 0.00 0.00 74.19 -0.67 74.97 0.13 -18.22 -15.90 7.28 -12.95
8.36 80.00 0.00 0.00 0.00 76.79 1.60 75.23 0.35 18.11 15.81 9.02 -8.16
8.38 80.00 0.00 0.00 0.00 74.19 -0.67 74.97 0.24 -18.50 -7.79 5.35 -7.33
8.39 80.00 0.00 0.00 0.00 76.82 0.44 74.97 0.24 0.00 0.00 3.60 -6.54
8.41 80.00 0.00 0.00 0.00 74.19 -0.67 74.97 0.01 0.35 -15.55 3.62 -7.30
8.42 80.00 0.00 0.00 0.00 74.16 0.49 74.97 0.01 0.00 0.00 1.91 -7.26
8.43 80.00 0.00 0.00 0.00 74.16 0.49 74.97 0.13 -0.18 7.69 1.84 -3.92
8.45 80.00 0.00 0.00 0.00 76.85 -0.73 75.24 0.01 19.57 -8.89 3.76 -3.28
8.46 80.00 0.00 0.00 0.00 76.82 0.44 75.24 0.01 0.00 0.00 1.91 -4.06
8.48 80.00 0.00 0.00 0.00 74.16 0.49 75.23 0.12 -0.19 7.87 0.09 -1.68
8.49 80.00 0.00 0.00 0.00 76.79 1.60 75.49 0.35 17.93 15.64 3.71 1.48
8.51 80.00 0.00 0.00 0.00 74.19 -0.67 75.23 0.12 -17.96 -15.68 0.10 -1.67
8.52 80.00 0.00 0.00 0.00 76.79 1.60 75.49 0.35 17.45 15.23 3.70 0.63
8.54 80.00 0.00 0.00 0.00 76.82 0.44 75.49 0.35 0.00 0.00 3.70 0.63
8.55 80.00 0.00 0.00 0.00 76.82 0.44 75.76 0.46 17.99 7.58 5.46 2.94
8.57 80.00 0.00 0.00 0.00 74.14 1.65 75.76 0.58 -0.17 7.98 5.44 3.74
8.58 80.00 0.00 0.00 0.00 76.79 1.60 76.02 0.69 17.99 7.60 7.26 3.73
8.59 80.00 0.00 0.00 0.00 76.77 2.77 76.01 1.04 -0.55 24.57 5.25 7.08
8.61 80.00 0.00 0.00 0.00 74.16 0.49 75.74 1.04 -18.92 0.38 3.36 7.12
8.62 80.00 0.00 0.00 0.00 76.79 1.60 76.01 1.15 17.47 7.38 5.12 7.07
8.64 80.00 0.00 0.00 0.00 76.82 0.44 76.01 1.04 0.18 -8.25 3.35 4.68
8.65 80.00 0.00 0.00 0.00 76.79 1.60 76.27 1.26 16.60 14.49 6.80 7.70
8.67 80.00 0.00 0.00 0.00 76.77 2.77 76.27 1.38 -0.17 8.32 5.04 7.00
8.68 80.00 0.00 0.00 0.00 74.14 1.65 76.00 1.50 -19.18 8.67 3.13 7.87
8.70 80.00 0.00 0.00 0.00 74.10 3.97 75.73 1.86 -18.25 23.65 -0.50 9.48
8.71 80.00 0.00 0.00 0.00 74.12 2.81 75.73 1.97 -0.15 8.10 -0.50 9.49
8.73 80.00 0.00 0.00 0.00 74.12 2.81 75.46 2.09 -18.29 8.24 -4.13 9.56
8.74 80.00 0.00 0.00 0.00 74.12 2.81 75.19 2.10 -17.13 0.27 -5.78 7.13
8.76 80.00 0.00 0.00 0.00 76.79 1.60 75.46 2.21 18.56 7.84 -2.04 7.87
8.77 80.00 0.00 0.00 0.00 76.77 2.77 75.45 2.32 -0.17 8.30 -3.80 7.96
8.78 80.00 0.00 0.00 0.00 74.12 2.81 75.18 2.56 -17.91 15.70 -5.61 10.36
8.80 80.00 0.00 0.00 0.00 76.75 3.93 75.18 2.79 -0.30 16.10 -7.30 10.52
8.81 80.00 0.00 0.00 0.00 74.14 1.65 74.91 2.68 -18.22 -7.72 -9.10 8.91
8.83 80.00 0.00 0.00 0.00 76.77 2.77 75.18 2.79 17.44 7.39 -5.44 8.79
8.84 80.00 0.00 0.00 0.00 74.10 3.97 75.18 2.79 -0.00 0.00 -3.62 6.42
8.86 80.00 0.00 0.00 0.00 74.06 6.28 75.17 3.14 -0.37 25.55 -3.64 8.17
8.87 80.00 0.00 0.00 0.00 76.75 3.93 75.44 3.25 17.87 7.60 -0.02 8.10
8.89 80.00 0.00 0.00 0.00 74.08 5.13 75.43 3.48 -0.24 15.43 1.67 9.62
8.90 80.00 0.00 0.00 0.00 79.43 5.06 75.70 3.83 18.12 23.79 1.62 11.21
8.92 80.00 0.00 0.00 0.00 76.77 2.77 75.70 3.83 0.00 0.00 1.64 10.38
8.93 80.00 0.00 0.00 0.00 76.75 3.93 75.96 3.94 16.95 7.21 5.12 9.53
8.95 80.00 0.00 0.00 0.00 74.08 5.13 75.69 4.06 -19.59 8.75 3.20 8.80
8.96 80.00 0.00 0.00 0.00 76.77 2.77 75.96 4.17 16.91 7.17 6.71 10.29
8.98 80.00 0.00 0.00 0.00 76.77 2.77 75.96 4.17 0.00 0.00 4.97 9.55
8.99 80.00 0.00 0.00 0.00 74.12 2.81 75.96 4.06 0.14 -8.20 4.98 8.73
9.01 80.00 0.00 0.00 0.00 74.12 2.81 75.96 3.71 0.39 -26.58 5.06 3.52
9.02 80.00 0.00 0.00 0.00 76.75 3.93 75.96 3.71 -0.00 0.00 3.27 2.76
9.03 80.00 0.00 0.00 0.00 76.77 2.77 76.23 3.47 20.53 -17.98 5.35 -0.58
9.05 80.00 0.00 0.00 0.00 76.75 3.93 75.96 3.36 -17.12 -7.22 1.82 -3.69
9.06 80.00 0.00 0.00 0.00 74.10 3.97 75.70 3.48 -19.24 8.63 -0.10 -2.82
9.08 80.00 0.00 0.00 0.00 76.75 3.93 75.70 3.48 0.00 0.00 -1.80 -3.54
9.09 80.00 0.00 0.00 0.00 76.75 3.93 75.96 3.36 18.86 -8.43 2.05 -5.26
9.11 80.00 0.00 0.00 0.00 74.10 3.97 75.70 3.48 -18.05 8.10 -1.45 -5.17
9.12 80.00 0.00 0.00 0.00 74.12 2.81 75.43 3.49 -18.43 0.30 -3.29 -5.14
9.14 80.00 0.00 0.00 0.00 76.75 3.93 75.69 3.60 17.16 7.30 -1.59 -3.59
9.15 80.00 0.00 0.00 0.00 79.47 2.72 76.23 3.59 37.76 -0.62 2.15 -0.99
9.17 80.00 0.00 0.00 0.00 79.47 2.72 76.50 3.47 19.30 -8.59 4.08 -1.85
9.18 80.00 0.00 0.00 0.00 74.12 2.81 76.24 3.47 -17.33 0.28 0.29 -0.03
9.20 80.00 0.00 0.00 0.00 76.77 2.77 76.24 3.36 0.12 -6.98 2.02 -0.00
9.21 80.00 0.00 0.00 0.00 76.77 2.77 76.51 3.24 18.00 -8.08 5.74 -1.67
9.22 80.00 0.00 0.00 0.00 74.12 2.81 76.24 3.13 -20.05 -8.52 3.74 -2.53
9.24 80.00 0.00 0.00 0.00 74.12 2.81 75.98 3.01 -19.15 -8.14 -0.07 -2.50
9.25 80.00 0.00 0.00 0.00 76.77 2.77 76.25 2.89 17.79 -7.98 3.52 -4.10
9.27 80.00 0.00 0.00 0.00 74.10 3.97 76.24 3.01 -0.14 8.10 5.35 -3.32
9.28 80.00 0.00 0.00 0.00 76.77 2.77 76.25 2.89 0.14 -8.06 3.65 -4.86
9.30 80.00 0.00 0.00 0.00 74.12 2.81 75.71 2.90 -36.67 0.60 -3.80 -4.74
9.31 80.00 0.00 0.00 0.00 74.14 1.65 75.18 2.79 -36.33 -7.31 -9.36 -4.61
9.33 80.00 0.00 0.00 0.00 74.12 2.81 75.18 2.79 0.00 0.00 -7.63 -4.64
9.36 80.00 0.00 0.00 0.00 71.52 1.70 74.65 2.69 -37.48 -7.64 -11.39 -4.70
9.38 80.00 0.00 0.00 0.00 74.14 1.65 74.39 2.58 -6.82 -2.89 -13.87 -4.18
9.39 80.00 0.00 0.00 0.00 74.14 1.65 74.39 2.46 0.15 -8.08 -11.85 -4.14
9.40 80.00 0.00 0.00 0.00 74.12 2.81 74.39 2.46 0.00 0.00 -9.94 -3.33
9.41 80.00 0.00 0.00 0.00 74.14 1.65 74.13 2.35 -22.19 -9.41 -13.93 -3.47
9.44 80.00 0.00 0.00 0.00 74.14 1.65 74.13 2.12 0.36 -19.88 -13.88 -6.27
9.45 80.00 0.00 0.00 0.00 74.16 0.49 73.87 1.89 -10.62 -9.27 -14.96 -6.39
9.46 80.00 0.00 0.00 0.00 76.79 1.60 74.14 1.77 22.22 -10.01 -9.07 -7.45
9.47 80.00 0.00 0.00 0.00 74.10 3.97 74.13 2.00 -0.36 19.95 -5.47 -4.72
9.49 80.00 0.00 0.00 0.00 74.12 2.81 74.13 2.00 0.00 -0.00 -5.47 -4.72
9.50 80.00 0.00 0.00 0.00 74.12 2.81 74.39 2.11 21.58 9.25 0.43 -3.03
9.52 80.00 0.00 0.00 0.00 76.79 1.60 74.66 2.11 18.06 -0.33 2.92 -2.78
9.53 80.00 0.00 0.00 0.00 74.12 2.81 74.66 2.22 -0.15 7.87 2.89 -1.18
9.55 80.00 0.00 0.00 0.00 76.79 1.60 74.93 2.10 17.79 -8.01 4.67 -1.98
9.56 80.00 0.00 0.00 0.00 74.12 2.81 74.92 2.22 -0.15 7.94 6.87 -0.25
9.58 80.00 0.00 0.00 0.00 74.12 2.81 74.92 2.33 -0.15 8.11 6.82 2.55
9.59 80.00 0.00 0.00 0.00 74.12 2.81 74.92 2.56 -0.30 14.70 7.85 4.95
9.60 80.00 0.00 0.00 0.00 74.12 2.81 74.65 2.69 -21.74 9.79 3.46 6.93
9.62 80.00 0.00 0.00 0.00 74.12 2.81 74.65 2.57 0.12 -7.12 3.50 4.22
9.63 80.00 0.00 0.00 0.00 74.12 2.81 74.65 2.57 -0.00 0.00 3.50 4.22
9.65 80.00 0.00 0.00 0.00 74.10 3.97 74.65 2.69 -0.13 7.99 1.33 4.09
9.66 80.00 0.00 0.00 0.00 74.10 3.97 74.38 2.92 -18.74 16.42 -2.35 5.77
9.68 80.00 0.00 0.00 0.00 74.14 1.65 74.38 2.81 0.15 -7.87 -2.32 4.19
9.69 80.00 0.00 0.00 0.00 74.10 3.97 74.11 3.04 -19.23 16.85 -6.02 6.68
9.71 80.00 0.00 0.00 0.00 74.12 2.81 74.11 3.04 0.00 0.00 -6.00 5.89
9.72 80.00 0.00 0.00 0.00 76.82 0.44 74.38 2.81 16.33 -14.32 -4.36 3.64
9.74 80.00 0.00 0.00 0.00 74.12 2.81 74.38 2.81 0.00 0.00 -4.33 2.17
9.75 80.00 0.00 0.00 0.00 76.79 1.60 74.65 2.68 15.72 -7.08 -0.58 0.49
9.76 80.00 0.00 0.00 0.00 76.77 2.77 74.92 2.68 21.35 -0.34 1.54 1.17
9.78 80.00 0.00 0.00 0.00 74.14 1.65 74.92 2.56 0.15 -8.08 1.56 0.36
9.79 80.00 0.00 0.00 0.00 79.47 2.72 75.46 2.44 37.36 -8.66 5.31 -1.31
9.81 80.00 0.00 0.00 0.00 76.75 3.93 75.72 2.44 18.02 -0.25 8.98 -2.98
9.82 80.00 0.00 0.00 0.00 74.14 1.65 75.72 2.44 -0.00 0.00 8.97 -2.19
9.84 80.00 0.00 0.00 0.00 74.19 -0.67 75.73 1.97 0.67 -33.32 10.96 -7.21
9.85 80.00 0.00 0.00 0.00 76.77 2.77 76.00 1.97 17.56 -0.28 12.72 -7.23
9.87 80.00 0.00 0.00 0.00 76.82 0.44 76.00 1.97 0.00 0.00 11.08 -5.80
9.88 80.00 0.00 0.00 0.00 74.14 1.65 76.00 1.85 0.14 -7.58 11.10 -6.56
9.90 80.00 0.00 0.00 0.00 74.14 1.65 75.73 1.86 -18.76 0.34 7.65 -5.82
9.91 80.00 0.00 0.00 0.00 76.79 1.60 75.73 1.74 0.16 -7.98 5.53 -6.58
9.92 80.00 0.00 0.00 0.00 74.14 1.65 75.73 1.74 0.00 0.00 5.52 -5.77
9.94 80.00 0.00 0.00 0.00 76.79 1.60 75.47 1.63 -18.93 -7.93 -0.11 -5.70
9.95 80.00 0.00 0.00 0.00 74.10 3.97 75.20 1.63 -17.70 0.25 -3.69 -5.65
9.97 80.00 0.00 0.00 0.00 76.82 0.44 75.47 1.51 18.47 -8.35 -1.84 -6.49
9.98 80.00 0.00 0.00 0.00 76.77 2.77 75.73 1.85 17.54 23.36 -0.15 -0.82
10.00 80.00 0.00 0.00 0.00 76.77 2.77 75.73 1.85 0.00 0.00 -1.91 -0.79
10.01 80.00 0.00 0.00 0.00 74.14 1.65 75.46 1.98 -18.29 8.27 -3.74 0.04
10.03 80.00 0.00 0.00 0.00 74.12 2.81 75.46 2.09 -0.15 7.79 -3.76 1.57
10.04 80.00 0.00 0.00 0.00 74.12 2.81 75.46 2.21 -0.14 7.61 -1.90 2.30
10.06 80.00 0.00 0.00 0.00 74.14 1.65 75.19 2.21 -18.15 0.33 -3.73 3.13
10.07 80.00 0.00 0.00 0.00 76.79 1.60 75.46 2.21 18.50 -0.33 -1.89 3.10
10.09 80.00 0.00 0.00 0.00 76.77 2.77 75.45 2.32 -0.16 8.07 -0.01 4.70
10.10 80.00 0.00 0.00 0.00 74.12 2.81 75.46 2.21 0.13 -7.86 1.78 3.89
10.12 80.00 0.00 0.00 0.00 74.12 2.81 75.18 2.45 -19.05 16.71 -1.98 6.40
10.13 80.00 0.00 0.00 0.00 76.77 2.77 75.18 2.45 0.00 0.00 -3.73 4.06
10.14 80.00 0.00 0.00 0.00 74.12 2.81 74.92 2.45 -17.80 0.29 -5.51 4.09
10.16 80.00 0.00 0.00 0.00 76.77 2.77 75.18 2.56 17.80 7.54 -1.90 4.02
10.17 80.00 0.00 0.00 0.00 74.14 1.65 75.18 2.45 0.16 -8.17 -1.87 2.42
10.19 80.00 0.00 0.00 0.00 76.79 1.60 75.45 2.33 17.93 -8.08 -0.06 0.85
10.20 80.00 0.00 0.00 0.00 74.16 0.49 75.45 2.21 0.17 -8.19 1.77 -0.00
10.22 80.00 0.00 0.00 0.00 74.12 2.81 75.19 2.33 -17.51 7.89 -1.83 0.82
10.23 80.00 0.00 0.00 0.00 76.79 1.60 75.19 2.21 0.17 -8.33 -1.80 -0.82
10.25 80.00 0.00 0.00 0.00 74.14 1.65 75.19 2.10 0.15 -8.11 -1.80 -0.85
10.26 80.00 0.00 0.00 0.00 74.12 2.81 75.19 2.10 0.00 -0.00 0.11 -2.52
10.28 80.00 0.00 0.00 0.00 74.16 0.49 74.93 1.87 -18.67 -16.29 -1.76 -4.15
10.29 80.00 0.00 0.00 0.00 76.77 2.77 75.20 1.87 18.60 -0.30 1.88 -4.20
10.31 80.00 0.00 0.00 0.00 74.14 1.65 74.93 1.75 -16.99 -7.20 -1.60 -5.68
10.32 80.00 0.00 0.00 0.00 74.12 2.81 74.93 1.87 -0.16 8.28 -1.63 -4.03
10.33 80.00 0.00 0.00 0.00 74.14 1.65 74.66 1.87 -17.44 0.31 -5.17 -3.19
10.35 80.00 0.00 0.00 0.00 74.12 2.81 74.66 2.11 -0.34 16.67 -5.22 -0.71
10.36 80.00 0.00 0.00 0.00 74.12 2.81 74.66 2.11 0.00 0.00 -3.47 -1.50
10.38 80.00 0.00 0.00 0.00 74.14 1.65 74.39 2.11 -18.49 0.33 -5.33 -0.63
10.39 80.00 0.00 0.00 0.00 74.14 1.65 74.39 2.11 0.00 0.00 -5.35 0.18
10.41 80.00 0.00 0.00 0.00 74.14 1.65 74.40 2.00 0.15 -7.79 -5.33 -0.60
10.42 80.00 0.00 0.00 0.00 74.14 1.65 74.39 2.11 -0.17 8.00 -3.48 1.83
10.44 80.00 0.00 0.00 0.00 74.14 1.65 74.13 2.00 -16.80 -7.12 -7.02 1.15
10.45 80.00 0.00 0.00 0.00 76.77 2.77 74.39 2.11 19.96 8.46 -3.33 2.72
10.47 80.00 0.00 0.00 0.00 79.47 2.72 74.93 2.10 35.70 -0.58 0.26 1.83
10.48 80.00 0.00 0.00 0.00 79.49 1.55 75.46 2.09 36.35 -0.67 5.64 1.73
10.50 80.00 0.00 0.00 0.00 76.77 2.77 75.73 2.09 18.16 -0.29 7.48 0.03
10.51 80.00 0.00 0.00 0.00 74.14 1.65 75.73 1.97 0.15 -7.71 7.50 -0.74
10.53 80.00 0.00 0.00 0.00 76.79 1.60 76.00 1.97 17.77 -0.32 11.13 -0.80
10.54 80.00 0.00 0.00 0.00 76.77 2.77 76.26 2.08 18.62 7.89 12.99 -0.01
10.55 80.00 0.00 0.00 0.00 74.19 -0.67 76.27 1.85 0.34 -15.19 13.01 -0.75
10.57 80.00 0.00 0.00 0.00 74.14 1.65 76.27 1.85 0.00 0.00 13.02 -1.55
10.58 80.00 0.00 0.00 0.00 74.14 1.65 76.27 1.85 0.00 0.00 14.70 -0.84
10.60 80.00 0.00 0.00 0.00 76.79 1.60 76.27 1.73 0.18 -9.21 12.73 -2.61
10.61 80.00 0.00 0.00 0.00 74.12 2.81 75.73 1.74 -36.32 0.59 5.52 -2.49
10.63 80.00 0.00 0.00 0.00 74.16 0.49 75.20 1.63 -36.06 -7.18 -1.72 -3.14
10.64 80.00 0.00 0.00 0.00 74.14 1.65 74.94 1.52 -18.47 -7.83 -5.38 -3.90
10.66 80.00 0.00 0.00 0.00 76.79 1.60 75.20 1.52 17.72 -0.32 -3.62 -3.16
10.67 80.00 0.00 0.00 0.00 76.77 2.77 75.20 1.63 -0.16 7.94 -5.41 -2.33
10.68 80.00 0.00 0.00 0.00 74.14 1.65 74.94 1.52 -18.22 -7.72 -9.10 -3.89
10.70 80.00 0.00 0.00 0.00 76.77 2.77 75.20 1.87 17.98 23.95 -7.33 0.02
10.71 80.00 0.00 0.00 0.00 74.12 2.81 75.19 1.98 -0.15 7.71 -7.35 0.79
10.73 80.00 0.00 0.00 0.00 74.14 1.65 75.19 1.98 0.00 0.00 -7.35 0.79
10.74 80.00 0.00 0.00 0.00 74.14 1.65 74.93 1.99 -18.51 0.33 -9.22 1.75
10.76 80.00 0.00 0.00 0.00 74.14 1.65 74.93 1.87 0.14 -7.36 -5.57 0.95
10.77 80.00 0.00 0.00 0.00 76.77 2.77 75.19 2.10 19.34 16.88 -0.03 3.36
10.79 80.00 0.00 0.00 0.00 74.14 1.65 75.19 2.10 0.00 -0.00 1.82 4.14
10.80 80.00 0.00 0.00 0.00 74.14 1.65 74.93 2.10 -19.86 0.36 -1.94 4.21
10.82 80.00 0.00 0.00 0.00 71.48 4.00 74.40 2.23 -35.70 8.33 -5.50 4.25
10.83 80.00 0.00 0.00 0.00 74.14 1.65 74.40 2.23 -0.00 0.00 -3.67 5.02
10.85 80.00 0.00 0.00 0.00 74.14 1.65 74.13 2.11 -17.70 -7.50 -7.24 1.88
10.86 80.00 0.00 0.00 0.00 74.10 3.97 74.13 2.23 -0.13 7.90 -7.24 1.89
10.88 80.00 0.00 0.00 0.00 74.14 1.65 74.13 2.23 0.00 -0.00 -7.24 1.89
10.89 80.00 0.00 0.00 0.00 74.14 1.65 74.13 2.23 0.00 0.00 -5.39 1.86
10.90 80.00 0.00 0.00 0.00 74.14 1.65 74.13 2.23 0.00 0.00 -5.40 2.60
10.92 80.00 0.00 0.00 0.00 74.12 2.81 73.87 2.24 -17.84 0.29 -9.12 0.94
10.93 80.00 0.00 0.00 0.00 76.82 0.44 74.13 2.11 18.28 -8.26 -7.30 0.11
10.95 80.00 0.00 0.00 0.00 74.12 2.81 74.13 2.23 -0.15 7.80 -5.32 0.85
10.96 80.00 0.00 0.00 0.00 74.14 1.65 74.40 1.99 18.07 -15.99 0.05 -1.58
10.98 80.00 0.00 0.00 0.00 76.82 0.44 74.67 1.87 18.81 -8.51 1.93 -2.43
10.99 80.00 0.00 0.00 0.00 76.79 1.60 74.93 1.87 17.40 -0.31 5.44 -1.71
11.01 80.00 0.00 0.00 0.00 76.79 1.60 75.20 1.63 18.80 -16.47 7.34 -4.15
11.02 80.00 0.00 0.00 0.00 79.47 2.72 75.73 1.74 37.07 7.45 11.04 -3.40
11.04 80.00 0.00 0.00 0.00 76.79 1.60 76.00 1.73 15.58 -0.28 12.60 -3.43
11.05 80.00 0.00 0.00 0.00 76.77 2.77 76.26 1.85 21.07 8.93 14.71 -2.54
11.07 80.00 0.00 0.00 0.00 74.19 -0.67 76.27 1.50 0.50 -23.65 16.54 -4.93
11.08 80.00 0.00 0.00 0.00 79.49 1.55 76.54 1.61 17.60 7.35 16.48 -3.37
11.09 80.00 0.00 0.00 0.00 76.77 2.77 76.80 1.60 18.82 -0.30 18.37 -4.18
11.11 80.00 0.00 0.00 0.00 76.79 1.60 77.07 1.60 18.28 -0.33 18.39 -2.61
11.12 80.00 0.00 0.00 0.00 76.79 1.60 77.07 1.72 -0.18 8.03 16.49 -0.96
11.14 80.00 0.00 0.00 0.00 76.77 2.77 77.06 1.83 -0.15 7.74 14.74 -0.15
11.15 80.00 0.00 0.00 0.00 76.77 2.77 77.06 1.95 -0.16 8.10 12.84 2.30
11.17 80.00 0.00 0.00 0.00 79.47 2.72 77.06 1.95 0.00 0.00 9.14 1.56
11.18 80.00 0.00 0.00 0.00 76.77 2.77 77.06 2.07 -0.16 8.01 7.56 2.39
11.20 80.00 0.00 0.00 0.00 76.79 1.60 77.06 1.95 0.16 -8.01 5.47 0.69
11.21 80.00 0.00 0.00 0.00 79.52 0.38 77.59 2.05 36.82 7.27 9.10 3.78
11.23 80.00 0.00 0.00 0.00 79.47 2.72 77.59 2.17 -0.14 6.64 7.33 3.71
11.24 80.00 0.00 0.00 0.00 79.45 3.89 77.86 2.28 22.18 9.32 7.66 4.68
11.26 80.00 0.00 0.00 0.00 76.77 2.77 77.86 2.40 -0.15 7.31 5.82 5.44
11.27 80.00 0.00 0.00 0.00 79.47 2.72 78.12 2.51 20.63 8.64 7.90 5.50
11.29 80.00 0.00 0.00 0.00 79.47 2.72 78.39 2.51 17.99 -0.30 9.72 4.70
11.30 80.00 0.00 0.00 0.00 76.82 0.44 78.40 2.28 0.33 -15.82 9.77 2.31
11.31 80.00 0.00 0.00 0.00 79.47 2.72 78.40 2.28 0.00 0.00 9.77 2.31
11.33 80.00 0.00 0.00 0.00 76.77 2.77 78.40 2.28 0.00 -0.00 9.78 1.50
11.34 80.00 0.00 0.00 0.00 76.77 2.77 78.40 2.39 -0.17 8.41 9.75 3.15
11.36 80.00 0.00 0.00 0.00 79.49 1.55 78.39 2.51 -0.18 7.90 6.05 3.21
11.37 80.00 0.00 0.00 0.00 76.79 1.60 78.13 2.40 -18.12 -7.59 4.25 1.79
11.39 80.00 0.00 0.00 0.00 79.49 1.55 78.13 2.16 0.31 -15.95 2.06 -0.74
11.40 80.00 0.00 0.00 0.00 76.79 1.60 78.13 2.05 0.16 -8.09 2.10 -2.28
11.42 80.00 0.00 0.00 0.00 79.49 1.55 78.14 1.93 0.17 -8.01 0.05 -3.95
11.43 80.00 0.00 0.00 0.00 79.55 -0.79 78.14 1.58 0.56 -23.92 -1.69 -6.31
11.45 80.00 0.00 0.00 0.00 79.49 1.55 78.41 1.69 18.10 7.56 0.08 -3.97
11.46 80.00 0.00 0.00 0.00 79.49 1.55 78.41 1.57 0.16 -7.91 0.10 -4.76
11.48 80.00 0.00 0.00 0.00 79.49 1.55 78.69 1.45 18.94 -8.46 1.99 -5.61
11.49 80.00 0.00 0.00 0.00 74.14 1.65 78.42 1.34 -17.50 -7.42 0.26 -7.19
11.50 80.00 0.00 0.00 0.00 79.52 0.38 78.43 1.22 0.19 -8.12 0.30 -8.79
11.52 80.00 0.00 0.00 0.00 79.55 -0.79 78.70 0.98 18.58 -16.15 3.97 -9.65
11.53 80.00 0.00 0.00 0.00 76.75 3.93 78.43 1.22 -19.40 16.83 2.00 -6.37
11.55 80.00 0.00 0.00 0.00 74.12 2.81 78.16 1.34 -16.74 7.54 0.31 -4.81
11.56 80.00 0.00 0.00 0.00 79.49 1.55 78.16 1.34 0.00 0.00 0.29 -4.00
11.58 80.00 0.00 0.00 0.00 76.79 1.60 77.88 1.58 -18.51 16.08 -1.62 -0.00
11.59 80.00 0.00 0.00 0.00 74.16 0.49 77.35 1.47 -37.52 -7.47 -7.18 -1.51
11.61 80.00 0.00 0.00 0.00 79.52 0.38 77.35 1.36 0.20 -8.53 -7.18 -1.57
11.62 80.00 0.00 0.00 0.00 79.49 1.55 77.35 1.36 0.00 0.00 -9.07 -0.72
11.63 80.00 0.00 0.00 0.00 79.49 1.55 77.89 1.35 36.79 -0.68 -3.64 -0.05
11.65 80.00 0.00 0.00 0.00 76.77 2.77 77.61 1.59 -19.88 17.26 -5.65 2.49
