#Task Selector: 4
#PID Parameters: kp: 0.50, kd: 0.00, ki: 0.00
#n_pos: 10
#n_vel: 10
t x_ref y_ref vx_ref vy_ref x_raw y_raw x y vx_raw vy_raw vx vy
16 0.00 0.00 0.00 0.00 66.10 -14.26 6.61 -1.43 0.00 0.00 0.00 0.00
16 0.00 0.00 0.00 0.00 66.10 -14.26 13.22 -2.85 0.00 0.00 0.00 0.00
16 0.00 0.00 0.00 0.00 37.52 19.13 16.97 -0.94 0.00 0.00 0.00 0.00
16 0.00 0.00 0.00 0.00 36.73 19.12 20.64 0.97 0.00 0.00 0.00 0.00
16 0.00 0.00 0.00 0.00 35.55 19.48 24.20 2.92 0.00 0.00 0.00 0.00
16 0.00 0.00 0.00 0.00 35.54 19.10 27.75 4.83 0.00 0.00 0.00 0.00
16 0.00 0.00 0.00 0.00 36.33 18.73 31.39 6.70 0.00 0.00 0.00 0.00
16 0.00 0.00 0.00 0.00 37.13 19.50 35.10 8.65 0.00 0.00 0.00 0.00
16 0.00 0.00 0.00 0.00 37.53 19.51 38.85 10.60 0.00 0.00 0.00 0.00
16 0.00 0.00 0.00 0.00 36.73 19.12 42.52 12.52 0.00 0.00 0.00 0.00
16 0.00 0.00 0.00 0.00 44.31 -5.61 40.35 13.38 0.00 0.00 0.00 0.00
16 0.00 0.00 0.00 0.00 44.68 -3.69 38.20 14.44 0.00 0.00 0.00 0.00
16 0.00 0.00 0.00 0.00 44.27 -2.16 38.88 12.31 0.00 0.00 0.00 0.00
16 0.00 0.00 0.00 0.00 43.91 -5.60 39.60 9.84 0.00 0.00 0.00 0.00
16 0.00 0.00 0.00 0.00 43.48 -3.30 40.39 7.56 0.00 0.00 0.00 0.00
16 0.00 0.00 0.00 0.00 43.89 -4.07 41.22 5.24 0.00 0.00 0.00 0.00
16 0.00 0.00 0.00 0.00 43.08 -3.67 41.90 3.00 0.00 0.00 0.00 0.00
16 0.00 0.00 0.00 0.00 44.63 2.80 42.65 1.33 0.00 0.00 0.00 0.00
16 0.00 0.00 0.00 0.00 42.64 -0.23 43.16 -0.64 0.00 0.00 0.00 0.00
16 0.00 0.00 0.00 0.00 43.47 -2.53 43.83 -2.81 0.00 0.00 0.00 0.00
16 0.00 0.00 0.00 0.00 41.85 -0.99 43.59 -2.34 0.00 0.00 0.00 0.00
16 0.00 0.00 0.00 0.00 36.38 21.78 42.76 0.20 0.00 0.00 0.00 0.00
16 0.00 0.00 0.00 0.00 35.99 22.15 41.93 2.63 0.00 0.00 0.00 0.00
16 0.00 0.00 0.00 0.00 40.68 -3.26 41.61 2.87 0.00 0.00 0.00 0.00
16 0.00 0.00 0.00 0.00 41.45 -1.37 41.40 3.06 0.00 0.00 0.00 0.00
16 0.00 0.00 0.00 0.00 36.38 21.78 40.65 5.65 0.00 0.00 0.00 0.00
16 0.00 0.00 0.00 0.00 35.58 21.38 39.90 8.15 0.00 0.00 0.00 0.00
16 0.00 0.00 0.00 0.00 36.38 21.78 39.08 10.05 0.00 0.00 0.00 0.00
16 0.00 0.00 0.00 0.00 42.24 -0.61 39.04 10.01 0.00 0.00 0.00 0.00
16 0.00 0.00 0.00 0.00 40.27 -2.50 38.72 10.01 0.00 0.00 0.00 0.00
16 0.00 0.00 0.00 0.00 41.06 -2.12 38.64 9.90 0.00 0.00 0.00 0.00
16 0.00 0.00 0.00 0.00 41.49 -4.80 39.15 7.24 0.00 0.00 0.00 0.00
16 0.00 0.00 0.00 0.00 40.66 -2.12 39.62 4.82 0.00 0.00 0.00 0.00
16 0.00 0.00 0.00 0.00 41.08 -4.03 39.66 4.74 0.00 0.00 0.00 0.00
16 0.00 0.00 0.00 0.00 40.27 -2.50 39.54 4.63 0.00 0.00 0.00 0.00
16 0.00 0.00 0.00 0.00 40.27 -2.88 39.93 2.16 0.00 0.00 0.00 0.00
16 0.00 0.00 0.00 0.00 35.97 21.39 39.97 2.16 0.00 0.00 0.00 0.00
16 0.00 0.00 0.00 0.00 35.97 21.39 39.93 2.12 0.00 0.00 0.00 0.00
16 0.00 0.00 0.00 0.00 36.36 21.01 39.34 4.28 0.00 0.00 0.00 0.00
16 0.00 0.00 0.00 0.00 35.58 21.38 38.87 6.67 0.00 0.00 0.00 0.00
16 0.00 0.00 0.00 0.00 41.04 0.16 38.87 6.90 0.00 0.00 0.00 0.00
16 0.00 0.00 0.00 0.00 35.97 21.01 38.32 9.48 0.00 0.00 0.00 0.00
16 0.00 0.00 0.00 0.00 39.87 -2.87 38.24 9.41 0.00 0.00 0.00 0.00
16 0.00 0.00 0.00 0.00 39.47 -2.87 38.08 9.52 0.00 0.00 0.00 0.00
16 0.00 0.00 0.00 0.00 40.24 -0.21 38.08 9.75 0.00 0.00 0.00 0.00
16 0.00 0.00 0.00 0.00 40.25 -1.35 38.07 9.90 0.00 0.00 0.00 0.00
16 0.00 0.00 0.00 0.00 41.46 -2.13 38.62 7.55 0.00 0.00 0.00 0.00
16 0.00 0.00 0.00 0.00 39.05 -0.58 38.93 5.35 0.00 0.00 0.00 0.00
16 0.00 0.00 0.00 0.00 39.88 -3.25 39.28 2.93 0.00 0.00 0.00 0.00
16 0.00 0.00 0.00 0.00 37.07 -0.56 39.43 0.73 0.00 0.00 0.00 0.00
16 0.00 0.00 0.00 0.00 39.86 -1.35 39.31 0.58 0.00 0.00 0.00 0.00
16 0.00 0.00 0.00 0.00 35.19 21.76 39.24 0.66 0.00 0.00 0.00 0.00
16 0.00 0.00 0.00 0.00 35.18 21.38 38.77 3.08 0.00 0.00 0.00 0.00
16 0.00 0.00 0.00 0.00 35.18 21.38 38.34 5.51 0.00 0.00 0.00 0.00
16 0.00 0.00 0.00 0.00 35.57 21.00 37.87 7.63 0.00 0.00 0.00 0.00
16 0.00 0.00 0.00 0.00 35.18 21.38 37.36 9.90 0.00 0.00 0.00 0.00
16 0.00 0.00 0.00 0.00 39.46 -1.35 37.16 9.98 0.00 0.00 0.00 0.00
16 0.00 0.00 0.00 0.00 39.44 0.17 37.20 10.05 0.00 0.00 0.00 0.00
16 0.00 0.00 0.00 0.00 38.24 1.32 37.04 10.51 0.00 0.00 0.00 0.00
16 0.00 0.00 0.00 0.00 39.47 -2.11 37.28 10.36 0.00 0.00 0.00 0.00
16 0.00 0.00 0.00 0.00 39.83 2.45 37.28 10.74 0.00 0.00 0.00 0.00
16 0.00 0.00 0.00 0.00 39.88 -3.64 37.74 8.20 0.00 0.00 0.00 0.00
16 0.00 0.00 0.00 0.00 38.70 -4.38 38.10 5.62 0.00 0.00 0.00 0.00
16 0.00 0.00 0.00 0.00 37.07 -0.94 38.28 3.39 0.00 0.00 0.00 0.00
16 0.00 0.00 0.00 0.00 38.27 -2.09 38.55 1.08 0.00 0.00 0.00 0.00
16 0.00 0.00 0.00 0.00 34.78 20.61 38.51 1.00 0.00 0.00 0.00 0.00
16 0.00 0.00 0.00 0.00 37.09 -2.84 38.28 0.85 0.00 0.00 0.00 0.00
16 0.00 0.00 0.00 0.00 34.79 21.37 37.81 2.97 0.00 0.00 0.00 0.00
16 0.00 0.00 0.00 0.00 35.89 -1.31 37.58 2.71 0.00 0.00 0.00 0.00
16 0.00 0.00 0.00 0.00 37.09 -2.46 37.34 2.68 0.00 0.00 0.00 0.00
16 0.00 0.00 0.00 0.00 37.07 -0.94 37.06 2.34 0.00 0.00 0.00 0.00
16 0.00 0.00 0.00 0.00 36.68 -1.32 36.74 2.57 0.00 0.00 0.00 0.00
16 0.00 0.00 0.00 0.00 36.30 -2.83 36.50 2.72 0.00 0.00 0.00 0.00
16 0.00 0.00 0.00 0.00 36.68 -0.94 36.46 2.72 0.00 0.00 0.00 0.00
16 0.00 0.00 0.00 0.00 35.17 20.61 36.15 4.99 0.00 0.00 0.00 0.00
16 0.00 0.00 0.00 0.00 37.07 -0.94 36.38 2.84 0.00 0.00 0.00 0.00
16 0.00 0.00 0.00 0.00 36.66 0.95 36.34 3.22 0.00 0.00 0.00 0.00
16 0.00 0.00 0.00 0.00 39.47 -2.11 36.81 0.87 0.00 0.00 0.00 0.00
16 0.00 0.00 0.00 0.00 36.26 2.09 36.84 1.21 0.00 0.00 0.00 0.00
16 0.00 0.00 0.00 0.00 38.25 0.18 36.96 1.48 0.00 0.00 0.00 0.00
16 0.00 0.00 0.00 0.00 34.78 20.99 36.73 3.67 0.00 0.00 0.00 0.00
16 0.00 0.00 0.00 0.00 36.68 -1.32 36.73 3.67 0.00 0.00 0.00 0.00
16 0.00 0.00 0.00 0.00 36.71 -3.98 36.77 3.55 0.00 0.00 0.00 0.00
16 0.00 0.00 0.00 0.00 36.66 0.57 36.77 3.71 0.00 0.00 0.00 0.00
16 0.00 0.00 0.00 0.00 37.86 -0.57 37.04 1.59 0.00 0.00 0.00 0.00
16 0.00 0.00 0.00 0.00 37.08 -1.32 37.04 1.55 0.00 0.00 0.00 0.00
16 0.00 0.00 0.00 0.00 39.84 -0.21 37.36 1.43 0.00 0.00 0.00 0.00
16 0.00 0.00 0.00 0.00 34.79 21.37 36.89 3.78 0.00 0.00 0.00 0.00
16 0.00 0.00 0.00 0.00 35.91 -2.83 36.86 3.29 0.00 0.00 0.00 0.00
16 0.00 0.00 0.00 0.00 38.70 -4.38 36.90 2.83 0.00 0.00 0.00 0.00
16 0.00 0.00 0.00 0.00 35.18 21.38 36.94 2.87 0.00 0.00 0.00 0.00
16 0.00 0.00 0.00 0.00 36.67 0.20 36.94 3.02 0.00 0.00 0.00 0.00
16 0.00 0.00 0.00 0.00 37.08 -1.32 36.98 3.29 0.00 0.00 0.00 0.00
16 0.00 0.00 0.00 0.00 37.86 -0.57 37.10 3.17 0.00 0.00 0.00 0.00
16 0.00 0.00 0.00 0.00 37.10 -3.22 37.02 2.91 0.00 0.00 0.00 0.00
16 0.00 0.00 0.00 0.00 37.06 -0.19 37.02 3.02 0.00 0.00 0.00 0.00
16 0.00 0.00 0.00 0.00 36.68 -1.70 36.70 2.87 0.00 0.00 0.00 0.00
16 0.00 0.00 0.00 0.00 36.28 -0.94 36.85 0.64 0.00 0.00 0.00 0.00
16 0.00 0.00 0.00 0.00 37.08 -2.08 36.97 0.72 0.00 0.00 0.00 0.00
16 0.00 0.00 0.00 0.00 37.47 -0.95 36.85 1.06 0.00 0.00 0.00 0.00
16 0.00 0.00 0.00 0.00 36.67 -0.18 37.00 -1.10 0.00 0.00 0.00 0.00
16 0.00 0.00 0.00 0.00 37.08 -1.32 37.04 -1.25 0.00 0.00 0.00 0.00
16 0.00 0.00 0.00 0.00 37.48 -2.47 37.08 -1.36 0.00 0.00 0.00 0.00
16 0.00 0.00 0.00 0.00 37.08 -1.32 37.00 -1.44 0.00 0.00 0.00 0.00
16 0.00 0.00 0.00 0.00 35.18 21.00 36.81 0.99 0.00 0.00 0.00 0.00
16 0.00 0.00 0.00 0.00 35.18 21.00 36.62 3.10 0.00 0.00 0.00 0.00
16 0.00 0.00 0.00 0.00 37.05 1.71 36.65 3.44 0.00 0.00 0.00 0.00
16 0.00 0.00 0.00 0.00 37.09 -2.84 36.74 3.25 0.00 0.00 0.00 0.00
16 0.00 0.00 0.00 0.00 36.28 -1.32 36.66 3.33 0.00 0.00 0.00 0.00
16 0.00 0.00 0.00 0.00 36.28 -0.56 36.54 3.37 0.00 0.00 0.00 0.00
16 0.00 0.00 0.00 0.00 36.30 -2.83 36.50 3.10 0.00 0.00 0.00 0.00
16 0.00 0.00 0.00 0.00 36.29 -2.07 36.42 3.03 0.00 0.00 0.00 0.00
16 0.00 0.00 0.00 0.00 38.66 -1.34 36.54 3.14 0.00 0.00 0.00 0.00
16 0.00 0.00 0.00 0.00 37.09 -2.84 36.54 2.99 0.00 0.00 0.00 0.00
16 0.00 0.00 0.00 0.00 34.78 20.61 36.50 2.95 0.00 0.00 0.00 0.00
16 0.00 0.00 0.00 0.00 37.87 -1.71 36.77 0.68 0.00 0.00 0.00 0.00
16 0.00 0.00 0.00 0.00 36.29 -1.69 36.69 0.34 0.00 0.00 0.00 0.00
16 0.00 0.00 0.00 0.00 37.08 -2.08 36.69 0.42 0.00 0.00 0.00 0.00
16 0.00 0.00 0.00 0.00 37.07 -0.56 36.77 0.49 0.00 0.00 0.00 0.00
16 0.00 0.00 0.00 0.00 37.46 -0.19 36.89 0.53 0.00 0.00 0.00 0.00
16 0.00 0.00 0.00 0.00 36.68 -1.32 36.93 0.68 0.00 0.00 0.00 0.00
16 0.00 0.00 0.00 0.00 37.07 -0.94 37.01 0.79 0.00 0.00 0.00 0.00
16 0.00 0.00 0.00 0.00 36.68 -1.70 36.81 0.76 0.00 0.00 0.00 0.00
16 0.00 0.00 0.00 0.00 36.29 -2.07 36.73 0.83 0.00 0.00 0.00 0.00
16 0.00 0.00 0.00 0.00 37.08 -1.32 36.96 -1.36 0.00 0.00 0.00 0.00
16 0.00 0.00 0.00 0.00 37.48 -1.71 36.92 -1.36 0.00 0.00 0.00 0.00
16 0.00 0.00 0.00 0.00 37.08 -1.32 37.00 -1.32 0.00 0.00 0.00 0.00
16 0.00 0.00 0.00 0.00 37.47 -1.33 37.04 -1.25 0.00 0.00 0.00 0.00
16 0.00 0.00 0.00 0.00 38.26 -1.33 37.16 -1.32 0.00 0.00 0.00 0.00
16 0.00 0.00 0.00 0.00 38.26 -0.96 37.24 -1.40 0.00 0.00 0.00 0.00
16 0.00 0.00 0.00 0.00 35.18 21.00 37.09 0.83 0.00 0.00 0.00 0.00
16 0.00 0.00 0.00 0.00 37.08 -1.32 37.09 0.79 0.00 0.00 0.00 0.00
16 0.00 0.00 0.00 0.00 38.29 -3.62 37.25 0.60 0.00 0.00 0.00 0.00
16 0.00 0.00 0.00 0.00 36.69 -2.08 37.29 0.60 0.00 0.00 0.00 0.00
16 0.00 0.00 0.00 0.00 37.85 0.94 37.36 0.83 0.00 0.00 0.00 0.00
16 0.00 0.00 0.00 0.00 38.29 -3.24 37.44 0.67 0.00 0.00 0.00 0.00
16 0.00 0.00 0.00 0.00 36.71 -3.60 37.41 0.45 0.00 0.00 0.00 0.00
16 0.00 0.00 0.00 0.00 38.30 -4.00 37.49 0.18 0.00 0.00 0.00 0.00
16 0.00 0.00 0.00 0.00 37.48 -2.09 37.41 0.11 0.00 0.00 0.00 0.00
16 0.00 0.00 0.00 0.00 37.09 -2.46 37.29 -0.05 0.00 0.00 0.00 0.00
16 0.00 0.00 0.00 0.00 39.08 -2.86 37.68 -2.43 0.00 0.00 0.00 0.00
16 0.00 0.00 0.00 0.00 38.65 -0.58 37.84 -2.36 0.00 0.00 0.00 0.00
16 0.00 0.00 0.00 0.00 37.51 18.75 37.76 -0.12 0.00 0.00 0.00 0.00
16 0.00 0.00 0.00 0.00 37.48 -2.47 37.84 -0.16 0.00 0.00 0.00 0.00
16 0.00 0.00 0.00 0.00 37.03 6.24 37.76 0.37 0.00 0.00 0.00 0.00
16 0.00 0.00 0.00 0.00 35.49 14.93 37.48 2.19 0.00 0.00 0.00 0.00
16 0.00 0.00 0.00 0.00 38.22 7.00 37.63 3.25 0.00 0.00 0.00 0.00
16 0.00 0.00 0.00 0.00 38.22 8.89 37.63 4.54 0.00 0.00 0.00 0.00
16 0.00 0.00 0.00 0.00 37.83 8.13 37.66 5.56 0.00 0.00 0.00 0.00
16 0.00 0.00 0.00 0.00 33.18 18.69 37.27 7.67 0.00 0.00 0.00 0.00
16 0.00 0.00 0.00 0.00 37.03 6.62 37.07 8.62 0.00 0.00 0.00 0.00
16 0.00 0.00 0.00 0.00 40.29 -4.40 37.23 8.24 0.00 0.00 0.00 0.00
16 0.00 0.00 0.00 0.00 34.31 14.54 36.91 7.82 0.00 0.00 0.00 0.00
16 0.00 0.00 0.00 0.00 34.36 18.70 36.60 9.94 0.00 0.00 0.00 0.00
16 0.00 0.00 0.00 0.00 37.82 7.38 36.68 10.05 0.00 0.00 0.00 0.00
16 0.00 0.00 0.00 0.00 44.62 7.00 37.59 9.26 0.00 0.00 0.00 0.00
16 0.00 0.00 0.00 0.00 48.70 -2.59 38.64 8.30 0.00 0.00 0.00 0.00
16 0.00 0.00 0.00 0.00 48.28 -1.05 39.64 7.30 0.00 0.00 0.00 0.00
16 0.00 0.00 0.00 0.00 49.55 -6.44 40.81 5.85 0.00 0.00 0.00 0.00
16 0.00 0.00 0.00 0.00 41.89 -4.81 41.68 3.50 0.00 0.00 0.00 0.00
16 0.00 0.00 0.00 0.00 43.09 -4.82 42.29 2.35 0.00 0.00 0.00 0.00
16 0.00 0.00 0.00 0.00 50.72 -3.37 43.33 2.45 0.00 0.00 0.00 0.00
16 0.00 0.00 0.00 0.00 46.73 -6.41 44.58 0.36 0.00 0.00 0.00 0.00
16 0.00 0.00 0.00 0.00 52.34 -4.55 46.37 -1.97 0.00 0.00 0.00 0.00
16 0.00 0.00 0.00 0.00 51.11 -2.22 47.70 -2.93 0.00 0.00 0.00 0.00
16 0.00 0.00 0.00 0.00 51.55 -5.70 48.40 -4.20 0.00 0.00 0.00 0.00
16 0.00 0.00 0.00 0.00 52.74 -3.78 48.80 -4.31 0.00 0.00 0.00 0.00
16 0.00 0.00 0.00 0.00 54.34 -3.41 49.41 -4.55 0.00 0.00 0.00 0.00
16 0.00 0.00 0.00 0.00 55.56 -5.35 50.01 -4.44 0.00 0.00 0.00 0.00
16 0.00 0.00 0.00 0.00 54.36 -5.34 51.26 -4.49 0.00 0.00 0.00 0.00
16 0.00 0.00 0.00 0.00 55.95 -3.42 52.54 -4.35 0.00 0.00 0.00 0.00
16 0.00 0.00 0.00 0.00 56.31 4.30 53.10 -3.59 0.00 0.00 0.00 0.00
16 0.00 0.00 0.00 0.00 56.77 -6.52 54.10 -3.60 0.00 0.00 0.00 0.00
16 0.00 0.00 0.00 0.00 54.34 -3.41 54.30 -3.48 0.00 0.00 0.00 0.00
16 0.00 0.00 0.00 0.00 57.96 -6.14 54.99 -3.87 0.00 0.00 0.00 0.00
16 0.00 0.00 0.00 0.00 54.34 17.02 55.27 -1.60 0.00 0.00 0.00 0.00
16 0.00 0.00 0.00 0.00 65.01 0.04 56.49 -1.22 0.00 0.00 0.00 0.00
16 0.00 0.00 0.00 0.00 66.92 -0.35 57.75 -0.92 0.00 0.00 0.00 0.00
16 0.00 0.00 0.00 0.00 56.35 18.19 57.83 1.44 0.00 0.00 0.00 0.00
16 0.00 0.00 0.00 0.00 71.32 -8.81 59.53 1.09 0.00 0.00 0.00 0.00
16 0.00 0.00 0.00 0.00 68.43 -1.51 60.78 1.28 0.00 0.00 0.00 0.00
16 0.00 0.00 0.00 0.00 68.06 0.04 61.95 0.86 0.00 0.00 0.00 0.00
16 0.00 0.00 0.00 0.00 59.54 18.60 62.23 3.37 0.00 0.00 0.00 0.00
16 0.00 0.00 0.00 0.00 70.64 -4.58 63.86 3.25 0.00 0.00 0.00 0.00
16 0.00 0.00 0.00 0.00 59.93 18.60 64.06 5.72 0.00 0.00 0.00 0.00
16 0.00 0.00 0.00 0.00 58.74 18.21 64.50 5.84 0.00 0.00 0.00 0.00
16 0.00 0.00 0.00 0.00 60.72 17.83 64.07 7.62 0.00 0.00 0.00 0.00
16 0.00 0.00 0.00 0.00 74.82 -11.03 64.86 6.55 0.00 0.00 0.00 0.00
16 0.00 0.00 0.00 0.00 62.68 18.22 65.49 6.56 0.00 0.00 0.00 0.00
16 0.00 0.00 0.00 0.00 62.68 18.22 64.62 9.26 0.00 0.00 0.00 0.00
16 0.00 0.00 0.00 0.00 63.07 17.83 64.09 11.19 0.00 0.00 0.00 0.00
16 0.00 0.00 0.00 0.00 63.46 18.22 63.63 13.01 0.00 0.00 0.00 0.00
16 0.00 0.00 0.00 0.00 63.85 17.06 64.06 12.86 0.00 0.00 0.00 0.00
16 0.00 0.00 0.00 0.00 63.85 17.83 63.38 15.10 0.00 0.00 0.00 0.00
16 0.00 0.00 0.00 0.00 63.85 18.22 63.77 15.06 0.00 0.00 0.00 0.00
16 0.00 0.00 0.00 0.00 63.85 18.22 64.28 15.06 0.00 0.00 0.00 0.00
16 0.00 0.00 0.00 0.00 64.23 19.00 64.63 15.18 0.00 0.00 0.00 0.00
16 0.00 0.00 0.00 0.00 63.85 18.22 63.54 18.11 0.00 0.00 0.00 0.00
16 0.00 0.00 0.00 0.00 63.07 19.00 63.57 18.18 0.00 0.00 0.00 0.00
16 0.00 0.00 0.00 0.00 62.29 20.16 63.54 18.38 0.00 0.00 0.00 0.00
16 0.00 0.00 0.00 0.00 59.55 21.31 63.18 18.72 0.00 0.00 0.00 0.00
16 0.00 0.00 0.00 0.00 73.14 -7.24 64.15 16.18 0.00 0.00 0.00 0.00
16 0.00 0.00 0.00 0.00 72.49 -1.10 65.02 14.36 0.00 0.00 0.00 0.00
16 0.00 0.00 0.00 0.00 56.02 26.32 64.23 15.21 0.00 0.00 0.00 0.00
16 0.00 0.00 0.00 0.00 54.86 28.63 63.33 16.25 0.00 0.00 0.00 0.00
16 0.00 0.00 0.00 0.00 52.89 30.55 62.24 17.48 0.00 0.00 0.00 0.00
16 0.00 0.00 0.00 0.00 72.08 -5.72 63.02 15.01 0.00 0.00 0.00 0.00
16 0.00 0.00 0.00 0.00 72.08 -5.72 63.85 12.62 0.00 0.00 0.00 0.00
16 0.00 0.00 0.00 0.00 69.16 -5.75 64.46 10.14 0.00 0.00 0.00 0.00
16 0.00 0.00 0.00 0.00 67.68 0.43 65.00 8.17 0.00 0.00 0.00 0.00
16 0.00 0.00 0.00 0.00 67.68 0.43 65.81 6.08 0.00 0.00 0.00 0.00
16 0.00 0.00 0.00 0.00 38.36 39.22 62.33 10.73 0.00 0.00 0.00 0.00
16 0.00 0.00 0.00 0.00 35.63 40.33 58.65 14.87 0.00 0.00 0.00 0.00
16 0.00 0.00 0.00 0.00 35.63 40.33 56.61 16.27 0.00 0.00 0.00 0.00
16 0.00 0.00 0.00 0.00 30.13 40.18 54.13 17.43 0.00 0.00 0.00 0.00
16 0.00 0.00 0.00 0.00 30.13 40.18 51.86 18.39 0.00 0.00 0.00 0.00
16 0.00 0.00 0.00 0.00 26.31 42.84 47.28 23.25 0.00 0.00 0.00 0.00
16 0.00 0.00 0.00 0.00 23.96 41.99 42.47 28.02 0.00 0.00 0.00 0.00
16 0.00 0.00 0.00 0.00 21.65 41.94 37.72 32.79 0.00 0.00 0.00 0.00
16 0.00 0.00 0.00 0.00 20.87 41.53 33.04 36.90 0.00 0.00 0.00 0.00
16 0.00 0.00 0.00 0.00 16.63 40.26 27.93 40.88 0.00 0.00 0.00 0.00
16 0.00 0.00 0.00 0.00 15.81 37.12 25.68 40.67 0.00 0.00 0.00 0.00
16 0.00 0.00 0.00 0.00 15.06 37.50 23.62 40.39 0.00 0.00 0.00 0.00
16 0.00 0.00 0.00 0.00 12.41 37.85 21.30 40.14 0.00 0.00 0.00 0.00
16 0.00 0.00 0.00 0.00 13.12 34.37 19.60 39.56 0.00 0.00 0.00 0.00
16 0.00 0.00 0.00 0.00 12.73 33.21 17.85 38.86 0.00 0.00 0.00 0.00
16 0.00 0.00 0.00 0.00 12.73 33.59 16.50 37.93 0.00 0.00 0.00 0.00
16 0.00 0.00 0.00 0.00 11.21 32.04 15.22 36.94 0.00 0.00 0.00 0.00
16 0.00 0.00 0.00 0.00 9.71 31.64 14.03 35.91 0.00 0.00 0.00 0.00
16 0.00 0.00 0.00 0.00 8.95 30.87 12.84 34.84 0.00 0.00 0.00 0.00
16 0.00 0.00 0.00 0.00 5.97 31.61 11.77 33.98 0.00 0.00 0.00 0.00
16 0.00 0.00 0.00 0.00 8.19 28.96 11.01 33.16 0.00 0.00 0.00 0.00
16 0.00 0.00 0.00 0.00 8.17 26.31 10.32 32.04 0.00 0.00 0.00 0.00
16 0.00 0.00 0.00 0.00 8.55 27.44 9.93 31.00 0.00 0.00 0.00 0.00
16 0.00 0.00 0.00 0.00 9.63 22.18 9.58 29.78 0.00 0.00 0.00 0.00
16 0.00 0.00 0.00 0.00 8.90 24.43 9.20 28.90 0.00 0.00 0.00 0.00
16 0.00 0.00 0.00 0.00 8.92 27.44 8.82 28.29 0.00 0.00 0.00 0.00
16 0.00 0.00 0.00 0.00 11.14 25.57 8.81 27.64 0.00 0.00 0.00 0.00
16 0.00 0.00 0.00 0.00 11.14 25.57 8.96 27.04 0.00 0.00 0.00 0.00
16 0.00 0.00 0.00 0.00 9.65 25.56 9.03 26.51 0.00 0.00 0.00 0.00
16 0.00 0.00 0.00 0.00 12.24 22.95 9.65 25.64 0.00 0.00 0.00 0.00
16 0.00 0.00 0.00 0.00 11.86 21.83 10.02 24.93 0.00 0.00 0.00 0.00
16 0.00 0.00 0.00 0.00 12.23 21.08 10.43 24.41 0.00 0.00 0.00 0.00
16 0.00 0.00 0.00 0.00 14.10 21.10 10.98 23.77 0.00 0.00 0.00 0.00
16 0.00 0.00 0.00 0.00 16.33 19.62 11.65 23.52 0.00 0.00 0.00 0.00
16 0.00 0.00 0.00 0.00 15.58 19.24 12.32 23.00 0.00 0.00 0.00 0.00
16 0.00 0.00 0.00 0.00 16.68 17.01 13.10 21.95 0.00 0.00 0.00 0.00
16 0.00 0.00 0.00 0.00 20.07 16.66 13.99 21.06 0.00 0.00 0.00 0.00
16 0.00 0.00 0.00 0.00 20.44 15.18 14.92 20.02 0.00 0.00 0.00 0.00
16 0.00 0.00 0.00 0.00 22.32 13.70 16.19 18.84 0.00 0.00 0.00 0.00
16 0.00 0.00 0.00 0.00 21.94 12.21 17.15 17.76 0.00 0.00 0.00 0.00
16 0.00 0.00 0.00 0.00 23.84 12.21 18.35 16.80 0.00 0.00 0.00 0.00
16 0.00 0.00 0.00 0.00 24.22 11.10 19.55 15.80 0.00 0.00 0.00 0.00
16 0.00 0.00 0.00 0.00 24.59 9.98 20.60 14.69 0.00 0.00 0.00 0.00
16 0.00 0.00 0.00 0.00 25.36 9.24 21.50 13.65 0.00 0.00 0.00 0.00
16 0.00 0.00 0.00 0.00 26.89 8.49 22.64 12.58 0.00 0.00 0.00 0.00
16 0.00 0.00 0.00 0.00 26.50 8.12 23.62 11.69 0.00 0.00 0.00 0.00
16 0.00 0.00 0.00 0.00 26.50 7.37 24.26 10.76 0.00 0.00 0.00 0.00
16 0.00 0.00 0.00 0.00 28.04 6.63 25.02 9.90 0.00 0.00 0.00 0.00
16 0.00 0.00 0.00 0.00 28.43 5.88 25.63 9.12 0.00 0.00 0.00 0.00
16 0.00 0.00 0.00 0.00 28.05 4.76 26.24 8.38 0.00 0.00 0.00 0.00
16 0.00 0.00 0.00 0.00 28.05 4.01 26.66 7.56 0.00 0.00 0.00 0.00
16 0.00 0.00 0.00 0.00 29.98 4.00 27.24 6.85 0.00 0.00 0.00 0.00
16 0.00 0.00 0.00 0.00 28.05 4.38 27.59 6.29 0.00 0.00 0.00 0.00
16 0.00 0.00 0.00 0.00 29.98 4.38 28.05 5.80 0.00 0.00 0.00 0.00
16 0.00 0.00 0.00 0.00 29.60 3.63 28.32 5.32 0.00 0.00 0.00 0.00
16 0.00 0.00 0.00 0.00 30.76 3.25 28.74 4.83 0.00 0.00 0.00 0.00
16 0.00 0.00 0.00 0.00 31.93 3.24 29.29 4.41 0.00 0.00 0.00 0.00
16 0.00 0.00 0.00 0.00 31.93 3.62 29.68 4.11 0.00 0.00 0.00 0.00
16 0.00 0.00 0.00 0.00 33.50 2.11 30.18 3.74 0.00 0.00 0.00 0.00
16 0.00 0.00 0.00 0.00 33.50 2.86 30.73 3.55 0.00 0.00 0.00 0.00
16 0.00 0.00 0.00 0.00 34.68 2.48 31.39 3.39 0.00 0.00 0.00 0.00
16 0.00 0.00 0.00 0.00 34.28 2.86 31.82 3.28 0.00 0.00 0.00 0.00
16 0.00 0.00 0.00 0.00 35.86 2.47 32.60 3.09 0.00 0.00 0.00 0.00
16 0.00 0.00 0.00 0.00 36.65 2.84 33.27 2.94 0.00 0.00 0.00 0.00
16 0.00 0.00 0.00 0.00 38.64 1.70 34.17 2.74 0.00 0.00 0.00 0.00
16 0.00 0.00 0.00 0.00 38.23 2.46 34.92 2.66 0.00 0.00 0.00 0.00
16 0.00 0.00 0.00 0.00 40.62 2.44 35.79 2.58 0.00 0.00 0.00 0.00
16 0.00 0.00 0.00 0.00 41.82 3.20 36.78 2.54 0.00 0.00 0.00 0.00
16 0.00 0.00 0.00 0.00 42.63 1.67 37.69 2.50 0.00 0.00 0.00 0.00
16 0.00 0.00 0.00 0.00 43.42 2.81 38.68 2.49 0.00 0.00 0.00 0.00
16 0.00 0.00 0.00 0.00 45.03 2.04 39.72 2.45 0.00 0.00 0.00 0.00
16 0.00 0.00 0.00 0.00 44.63 2.80 40.75 2.44 0.00 0.00 0.00 0.00
16 0.00 0.00 0.00 0.00 45.03 2.80 41.67 2.48 0.00 0.00 0.00 0.00
16 0.00 0.00 0.00 0.00 46.64 3.18 42.67 2.51 0.00 0.00 0.00 0.00
16 0.00 0.00 0.00 0.00 47.45 3.17 43.55 2.66 0.00 0.00 0.00 0.00
16 0.00 0.00 0.00 0.00 47.85 3.17 44.51 2.73 0.00 0.00 0.00 0.00
16 0.00 0.00 0.00 0.00 48.65 4.32 45.31 2.92 0.00 0.00 0.00 0.00
16 0.00 0.00 0.00 0.00 53.50 3.92 46.48 2.99 0.00 0.00 0.00 0.00
16 0.00 0.00 0.00 0.00 54.71 3.92 47.69 3.21 0.00 0.00 0.00 0.00
16 0.00 0.00 0.00 0.00 55.51 4.69 48.90 3.40 0.00 0.00 0.00 0.00
16 0.00 0.00 0.00 0.00 55.91 4.69 49.99 3.67 0.00 0.00 0.00 0.00
16 0.00 0.00 0.00 0.00 53.90 5.08 50.91 3.89 0.00 0.00 0.00 0.00
16 0.00 0.00 0.00 0.00 56.71 5.07 52.08 4.12 0.00 0.00 0.00 0.00
16 0.00 0.00 0.00 0.00 56.71 5.46 53.09 4.35 0.00 0.00 0.00 0.00
16 0.00 0.00 0.00 0.00 57.11 5.84 54.06 4.61 0.00 0.00 0.00 0.00
16 0.00 0.00 0.00 0.00 57.11 5.84 54.98 4.88 0.00 0.00 0.00 0.00
16 0.00 0.00 0.00 0.00 57.51 6.23 55.87 5.07 0.00 0.00 0.00 0.00
16 0.00 0.00 0.00 0.00 57.91 7.00 56.31 5.38 0.00 0.00 0.00 0.00
16 0.00 0.00 0.00 0.00 57.91 7.39 56.63 5.73 0.00 0.00 0.00 0.00
16 0.00 0.00 0.00 0.00 57.91 7.00 56.87 5.96 0.00 0.00 0.00 0.00
16 0.00 0.00 0.00 0.00 57.91 6.23 57.07 6.11 0.00 0.00 0.00 0.00
16 0.00 0.00 0.00 0.00 57.51 7.00 57.43 6.31 0.00 0.00 0.00 0.00
16 0.00 0.00 0.00 0.00 56.31 7.00 57.39 6.50 0.00 0.00 0.00 0.00
16 0.00 0.00 0.00 0.00 57.11 7.00 57.43 6.65 0.00 0.00 0.00 0.00
16 0.00 0.00 0.00 0.00 55.91 6.23 57.31 6.69 0.00 0.00 0.00 0.00
16 0.00 0.00 0.00 0.00 55.51 6.61 57.15 6.77 0.00 0.00 0.00 0.00
16 0.00 0.00 0.00 0.00 51.88 5.85 56.59 6.73 0.00 0.00 0.00 0.00
16 0.00 0.00 0.00 0.00 51.88 6.23 55.98 6.65 0.00 0.00 0.00 0.00
16 0.00 0.00 0.00 0.00 53.09 5.46 55.50 6.46 0.00 0.00 0.00 0.00
16 0.00 0.00 0.00 0.00 49.86 5.85 54.70 6.35 0.00 0.00 0.00 0.00
16 0.00 0.00 0.00 0.00 49.05 6.23 53.81 6.35 0.00 0.00 0.00 0.00
16 0.00 0.00 0.00 0.00 45.02 5.86 52.56 6.23 0.00 0.00 0.00 0.00
16 0.00 0.00 0.00 0.00 43.01 5.48 51.23 6.08 0.00 0.00 0.00 0.00
16 0.00 0.00 0.00 0.00 41.81 5.48 49.70 5.93 0.00 0.00 0.00 0.00
16 0.00 0.00 0.00 0.00 39.81 5.48 48.09 5.85 0.00 0.00 0.00 0.00
16 0.00 0.00 0.00 0.00 38.62 5.49 46.40 5.74 0.00 0.00 0.00 0.00
16 0.00 0.00 0.00 0.00 34.67 5.12 44.68 5.67 0.00 0.00 0.00 0.00
16 0.00 0.00 0.00 0.00 33.88 5.49 42.88 5.59 0.00 0.00 0.00 0.00
16 0.00 0.00 0.00 0.00 32.71 5.87 40.84 5.63 0.00 0.00 0.00 0.00
16 0.00 0.00 0.00 0.00 31.53 5.87 39.01 5.64 0.00 0.00 0.00 0.00
16 0.00 0.00 0.00 0.00 29.59 6.63 37.07 5.68 0.00 0.00 0.00 0.00
16 0.00 0.00 0.00 0.00 26.89 7.00 35.25 5.79 0.00 0.00 0.00 0.00
16 0.00 0.00 0.00 0.00 24.97 7.75 33.45 6.02 0.00 0.00 0.00 0.00
16 0.00 0.00 0.00 0.00 23.83 9.23 31.65 6.39 0.00 0.00 0.00 0.00
16 0.00 0.00 0.00 0.00 21.55 9.23 29.82 6.77 0.00 0.00 0.00 0.00
16 0.00 0.00 0.00 0.00 20.79 10.71 28.04 7.29 0.00 0.00 0.00 0.00
16 0.00 0.00 0.00 0.00 18.91 12.19 26.47 8.00 0.00 0.00 0.00 0.00
16 0.00 0.00 0.00 0.00 17.79 12.93 24.86 8.74 0.00 0.00 0.00 0.00
16 0.00 0.00 0.00 0.00 17.42 14.04 23.33 9.56 0.00 0.00 0.00 0.00
16 0.00 0.00 0.00 0.00 16.67 14.04 21.84 10.37 0.00 0.00 0.00 0.00
16 0.00 0.00 0.00 0.00 16.30 15.15 20.51 11.23 0.00 0.00 0.00 0.00
16 0.00 0.00 0.00 0.00 15.92 15.15 19.41 12.04 0.00 0.00 0.00 0.00
16 0.00 0.00 0.00 0.00 15.56 16.26 18.47 12.89 0.00 0.00 0.00 0.00
16 0.00 0.00 0.00 0.00 14.06 16.99 17.50 13.67 0.00 0.00 0.00 0.00
16 0.00 0.00 0.00 0.00 14.07 17.74 16.75 14.52 0.00 0.00 0.00 0.00
16 0.00 0.00 0.00 0.00 13.70 17.73 16.04 15.22 0.00 0.00 0.00 0.00
16 0.00 0.00 0.00 0.00 13.71 19.22 15.52 15.93 0.00 0.00 0.00 0.00
16 0.00 0.00 0.00 0.00 13.34 19.97 15.07 16.63 0.00 0.00 0.00 0.00
16 0.00 0.00 0.00 0.00 13.34 19.59 14.67 17.18 0.00 0.00 0.00 0.00
16 0.00 0.00 0.00 0.00 13.71 20.34 14.37 17.82 0.00 0.00 0.00 0.00
16 0.00 0.00 0.00 0.00 13.73 21.84 14.11 18.48 0.00 0.00 0.00 0.00
16 0.00 0.00 0.00 0.00 13.35 21.09 13.86 19.08 0.00 0.00 0.00 0.00
16 0.00 0.00 0.00 0.00 14.46 19.60 13.75 19.41 0.00 0.00 0.00 0.00
16 0.00 0.00 0.00 0.00 14.46 20.35 13.79 19.75 0.00 0.00 0.00 0.00
16 0.00 0.00 0.00 0.00 13.73 22.22 13.75 20.20 0.00 0.00 0.00 0.00
16 0.00 0.00 0.00 0.00 14.11 22.97 13.79 20.72 0.00 0.00 0.00 0.00
16 0.00 0.00 0.00 0.00 13.35 21.84 13.76 20.98 0.00 0.00 0.00 0.00
16 0.00 0.00 0.00 0.00 14.49 22.97 13.87 21.28 0.00 0.00 0.00 0.00
16 0.00 0.00 0.00 0.00 14.48 22.60 13.99 21.58 0.00 0.00 0.00 0.00
16 0.00 0.00 0.00 0.00 13.36 22.59 13.95 21.81 0.00 0.00 0.00 0.00
16 0.00 0.00 0.00 0.00 13.37 23.71 13.92 21.99 0.00 0.00 0.00 0.00
16 0.00 0.00 0.00 0.00 13.75 24.09 13.96 22.29 0.00 0.00 0.00 0.00
16 0.00 0.00 0.00 0.00 14.13 24.85 13.92 22.82 0.00 0.00 0.00 0.00
16 0.00 0.00 0.00 0.00 14.14 25.61 13.89 23.34 0.00 0.00 0.00 0.00
16 0.00 0.00 0.00 0.00 13.02 26.35 13.82 23.76 0.00 0.00 0.00 0.00
16 0.00 0.00 0.00 0.00 13.04 27.48 13.71 24.21 0.00 0.00 0.00 0.00
16 0.00 0.00 0.00 0.00 14.19 29.78 13.80 25.00 0.00 0.00 0.00 0.00
16 0.00 0.00 0.00 0.00 13.81 29.77 13.73 25.68 0.00 0.00 0.00 0.00
16 0.00 0.00 0.00 0.00 13.82 30.16 13.66 26.44 0.00 0.00 0.00 0.00
16 0.00 0.00 0.00 0.00 15.73 31.71 13.90 27.35 0.00 0.00 0.00 0.00
16 0.00 0.00 0.00 0.00 14.63 34.00 14.03 28.38 0.00 0.00 0.00 0.00
16 0.00 0.00 0.00 0.00 16.90 34.04 14.34 29.38 0.00 0.00 0.00 0.00
16 0.00 0.00 0.00 0.00 16.53 34.81 14.58 30.37 0.00 0.00 0.00 0.00
16 0.00 0.00 0.00 0.00 15.82 37.51 14.75 31.56 0.00 0.00 0.00 0.00
16 0.00 0.00 0.00 0.00 16.23 39.08 15.07 32.83 0.00 0.00 0.00 0.00
16 0.00 0.00 0.00 0.00 17.78 40.67 15.54 34.15 0.00 0.00 0.00 0.00
16 0.00 0.00 0.00 0.00 18.20 42.26 15.94 35.40 0.00 0.00 0.00 0.00
16 0.00 0.00 0.00 0.00 17.84 43.83 16.35 36.81 0.00 0.00 0.00 0.00
16 0.00 0.00 0.00 0.00 19.03 45.44 16.87 38.33 0.00 0.00 0.00 0.00
16 0.00 0.00 0.00 0.00 20.97 46.27 17.39 39.79 0.00 0.00 0.00 0.00
16 0.00 0.00 0.00 0.00 21.79 48.28 18.11 41.22 0.00 0.00 0.00 0.00
16 0.00 0.00 0.00 0.00 22.57 48.70 18.68 42.68 0.00 0.00 0.00 0.00
16 0.00 0.00 0.00 0.00 22.57 48.70 19.28 44.07 0.00 0.00 0.00 0.00
16 0.00 0.00 0.00 0.00 22.95 48.31 19.99 45.15 0.00 0.00 0.00 0.00
16 0.00 0.00 0.00 0.00 23.73 48.72 20.74 46.12 0.00 0.00 0.00 0.00
16 0.00 0.00 0.00 0.00 24.87 47.56 21.45 46.81 0.00 0.00 0.00 0.00
16 0.00 0.00 0.00 0.00 24.83 45.97 22.12 47.18 0.00 0.00 0.00 0.00
16 0.00 0.00 0.00 0.00 25.58 44.80 22.89 47.27 0.00 0.00 0.00 0.00
16 0.00 0.00 0.00 0.00 25.15 43.20 23.50 47.05 0.00 0.00 0.00 0.00
16 0.00 0.00 0.00 0.00 26.27 41.26 24.03 46.55 0.00 0.00 0.00 0.00
16 0.00 0.00 0.00 0.00 25.42 38.50 24.39 45.57 0.00 0.00 0.00 0.00
16 0.00 0.00 0.00 0.00 27.71 36.99 24.91 44.40 0.00 0.00 0.00 0.00
16 0.00 0.00 0.00 0.00 28.44 35.06 25.50 43.04 0.00 0.00 0.00 0.00
16 0.00 0.00 0.00 0.00 29.55 32.76 26.16 41.48 0.00 0.00 0.00 0.00
16 0.00 0.00 0.00 0.00 29.13 31.21 26.70 39.73 0.00 0.00 0.00 0.00
16 0.00 0.00 0.00 0.00 30.62 28.17 27.27 37.79 0.00 0.00 0.00 0.00
16 0.00 0.00 0.00 0.00 30.95 25.49 27.88 35.74 0.00 0.00 0.00 0.00
16 0.00 0.00 0.00 0.00 32.47 23.23 28.57 33.59 0.00 0.00 0.00 0.00
16 0.00 0.00 0.00 0.00 34.00 21.36 29.46 31.40 0.00 0.00 0.00 0.00
16 0.00 0.00 0.00 0.00 34.76 19.47 30.31 29.22 0.00 0.00 0.00 0.00
16 0.00 0.00 0.00 0.00 34.34 17.57 31.20 27.13 0.00 0.00 0.00 0.00
16 0.00 0.00 0.00 0.00 35.89 15.69 32.02 25.00 0.00 0.00 0.00 0.00
16 0.00 0.00 0.00 0.00 35.87 13.42 32.76 22.84 0.00 0.00 0.00 0.00
16 0.00 0.00 0.00 0.00 35.47 11.53 33.35 20.71 0.00 0.00 0.00 0.00
16 0.00 0.00 0.00 0.00 35.85 8.89 34.02 18.48 0.00 0.00 0.00 0.00
16 0.00 0.00 0.00 0.00 36.24 7.38 34.58 16.40 0.00 0.00 0.00 0.00
16 0.00 0.00 0.00 0.00 37.43 5.49 35.23 14.40 0.00 0.00 0.00 0.00
16 0.00 0.00 0.00 0.00 38.63 3.21 35.85 12.40 0.00 0.00 0.00 0.00
16 0.00 0.00 0.00 0.00 38.24 1.32 36.27 10.40 0.00 0.00 0.00 0.00
16 0.00 0.00 0.00 0.00 39.45 -0.21 36.74 8.43 0.00 0.00 0.00 0.00
16 0.00 0.00 0.00 0.00 39.86 -1.35 37.29 6.54 0.00 0.00 0.00 0.00
16 0.00 0.00 0.00 0.00 39.47 -2.49 37.65 4.72 0.00 0.00 0.00 0.00
16 0.00 0.00 0.00 0.00 39.88 -3.25 38.05 3.05 0.00 0.00 0.00 0.00
16 0.00 0.00 0.00 0.00 40.28 -3.64 38.53 1.53 0.00 0.00 0.00 0.00
16 0.00 0.00 0.00 0.00 40.69 -4.41 39.02 0.21 0.00 0.00 0.00 0.00
16 0.00 0.00 0.00 0.00 40.68 -4.03 39.46 -0.94 0.00 0.00 0.00 0.00
16 0.00 0.00 0.00 0.00 41.49 -4.42 39.87 -1.93 0.00 0.00 0.00 0.00
16 0.00 0.00 0.00 0.00 42.29 -4.81 40.23 -2.73 0.00 0.00 0.00 0.00
16 0.00 0.00 0.00 0.00 41.49 -4.42 40.56 -3.30 0.00 0.00 0.00 0.00
16 0.00 0.00 0.00 0.00 43.09 -4.82 40.92 -3.76 0.00 0.00 0.00 0.00
16 0.00 0.00 0.00 0.00 44.69 -4.46 41.41 -4.08 0.00 0.00 0.00 0.00
16 0.00 0.00 0.00 0.00 43.89 -4.45 41.85 -4.27 0.00 0.00 0.00 0.00
16 0.00 0.00 0.00 0.00 44.69 -4.08 42.33 -4.35 0.00 0.00 0.00 0.00
16 0.00 0.00 0.00 0.00 45.48 -2.94 42.85 -4.28 0.00 0.00 0.00 0.00
16 0.00 0.00 0.00 0.00 47.09 -2.95 43.49 -4.14 0.00 0.00 0.00 0.00
16 0.00 0.00 0.00 0.00 47.08 -1.80 44.13 -3.92 0.00 0.00 0.00 0.00
16 0.00 0.00 0.00 0.00 47.07 -1.04 44.69 -3.58 0.00 0.00 0.00 0.00
16 0.00 0.00 0.00 0.00 48.28 -0.66 45.29 -3.16 0.00 0.00 0.00 0.00
16 0.00 0.00 0.00 0.00 48.67 0.87 46.00 -2.63 0.00 0.00 0.00 0.00
16 0.00 0.00 0.00 0.00 49.87 2.01 46.68 -1.95 0.00 0.00 0.00 0.00
16 0.00 0.00 0.00 0.00 52.70 2.38 47.48 -1.27 0.00 0.00 0.00 0.00
16 0.00 0.00 0.00 0.00 50.27 3.93 48.12 -0.43 0.00 0.00 0.00 0.00
16 0.00 0.00 0.00 0.00 50.26 5.47 48.68 0.53 0.00 0.00 0.00 0.00
16 0.00 0.00 0.00 0.00 50.26 7.00 49.15 1.52 0.00 0.00 0.00 0.00
16 0.00 0.00 0.00 0.00 55.10 7.77 49.96 2.59 0.00 0.00 0.00 0.00
16 0.00 0.00 0.00 0.00 49.86 9.68 50.23 3.74 0.00 0.00 0.00 0.00
16 0.00 0.00 0.00 0.00 49.06 11.22 50.43 4.97 0.00 0.00 0.00 0.00
16 0.00 0.00 0.00 0.00 48.67 12.75 50.47 6.31 0.00 0.00 0.00 0.00
16 0.00 0.00 0.00 0.00 48.28 14.66 50.43 7.69 0.00 0.00 0.00 0.00
16 0.00 0.00 0.00 0.00 46.67 15.80 50.11 9.07 0.00 0.00 0.00 0.00
16 0.00 0.00 0.00 0.00 45.09 18.08 49.35 10.64 0.00 0.00 0.00 0.00
16 0.00 0.00 0.00 0.00 45.50 18.85 48.88 12.13 0.00 0.00 0.00 0.00
16 0.00 0.00 0.00 0.00 44.32 20.37 48.28 13.62 0.00 0.00 0.00 0.00
16 0.00 0.00 0.00 0.00 43.54 21.90 47.61 15.11 0.00 0.00 0.00 0.00
16 0.00 0.00 0.00 0.00 42.37 23.41 46.34 16.67 0.00 0.00 0.00 0.00
16 0.00 0.00 0.00 0.00 41.99 24.56 45.55 18.16 0.00 0.00 0.00 0.00
16 0.00 0.00 0.00 0.00 40.41 25.30 44.68 19.57 0.00 0.00 0.00 0.00
16 0.00 0.00 0.00 0.00 39.26 27.20 43.74 21.01 0.00 0.00 0.00 0.00
16 0.00 0.00 0.00 0.00 38.51 29.50 42.77 22.50 0.00 0.00 0.00 0.00
16 0.00 0.00 0.00 0.00 38.92 29.89 41.99 23.91 0.00 0.00 0.00 0.00
16 0.00 0.00 0.00 0.00 36.97 31.01 41.18 25.20 0.00 0.00 0.00 0.00
16 0.00 0.00 0.00 0.00 36.19 31.38 40.25 26.45 0.00 0.00 0.00 0.00
16 0.00 0.00 0.00 0.00 35.80 31.76 39.40 27.59 0.00 0.00 0.00 0.00
16 0.00 0.00 0.00 0.00 34.24 32.49 38.47 28.65 0.00 0.00 0.00 0.00
16 0.00 0.00 0.00 0.00 33.90 34.42 37.62 29.75 0.00 0.00 0.00 0.00
16 0.00 0.00 0.00 0.00 33.90 34.42 36.81 30.74 0.00 0.00 0.00 0.00
16 0.00 0.00 0.00 0.00 33.15 35.96 36.08 31.80 0.00 0.00 0.00 0.00
16 0.00 0.00 0.00 0.00 32.41 37.50 35.40 32.83 0.00 0.00 0.00 0.00
16 0.00 0.00 0.00 0.00 30.47 38.23 34.59 33.71 0.00 0.00 0.00 0.00
16 0.00 0.00 0.00 0.00 30.92 40.21 33.79 34.74 0.00 0.00 0.00 0.00
16 0.00 0.00 0.00 0.00 30.52 40.19 33.15 35.66 0.00 0.00 0.00 0.00
16 0.00 0.00 0.00 0.00 29.38 41.34 32.47 36.65 0.00 0.00 0.00 0.00
16 0.00 0.00 0.00 0.00 29.38 41.34 31.83 37.61 0.00 0.00 0.00 0.00
16 0.00 0.00 0.00 0.00 29.06 44.10 31.31 38.77 0.00 0.00 0.00 0.00
16 0.00 0.00 0.00 0.00 27.14 45.23 30.63 39.85 0.00 0.00 0.00 0.00
16 0.00 0.00 0.00 0.00 26.77 45.62 29.92 40.97 0.00 0.00 0.00 0.00
16 0.00 0.00 0.00 0.00 27.19 47.22 29.33 42.10 0.00 0.00 0.00 0.00
16 0.00 0.00 0.00 0.00 25.26 47.57 28.61 43.10 0.00 0.00 0.00 0.00
16 0.00 0.00 0.00 0.00 26.44 48.39 28.21 44.12 0.00 0.00 0.00 0.00
16 0.00 0.00 0.00 0.00 24.51 48.74 27.57 44.97 0.00 0.00 0.00 0.00
16 0.00 0.00 0.00 0.00 24.91 49.15 27.01 45.87 0.00 0.00 0.00 0.00
16 0.00 0.00 0.00 0.00 24.95 51.14 26.56 46.85 0.00 0.00 0.00 0.00
16 0.00 0.00 0.00 0.00 23.79 51.52 26.00 47.87 0.00 0.00 0.00 0.00
16 0.00 0.00 0.00 0.00 24.19 51.93 25.52 48.65 0.00 0.00 0.00 0.00
16 0.00 0.00 0.00 0.00 23.81 52.32 25.18 49.36 0.00 0.00 0.00 0.00
16 0.00 0.00 0.00 0.00 23.81 52.32 24.89 50.03 0.00 0.00 0.00 0.00
16 0.00 0.00 0.00 0.00 24.60 53.13 24.63 50.62 0.00 0.00 0.00 0.00
16 0.00 0.00 0.00 0.00 24.60 53.13 24.56 51.18 0.00 0.00 0.00 0.00
16 0.00 0.00 0.00 0.00 24.21 53.12 24.34 51.65 0.00 0.00 0.00 0.00
16 0.00 0.00 0.00 0.00 23.83 53.12 24.27 52.09 0.00 0.00 0.00 0.00
16 0.00 0.00 0.00 0.00 22.65 52.69 24.05 52.44 0.00 0.00 0.00 0.00
16 0.00 0.00 0.00 0.00 25.01 53.94 24.05 52.72 0.00 0.00 0.00 0.00
16 0.00 0.00 0.00 0.00 23.07 53.90 23.98 52.96 0.00 0.00 0.00 0.00
16 0.00 0.00 0.00 0.00 25.37 52.75 24.10 53.04 0.00 0.00 0.00 0.00
16 0.00 0.00 0.00 0.00 25.75 52.36 24.29 53.05 0.00 0.00 0.00 0.00
16 0.00 0.00 0.00 0.00 27.71 52.80 24.68 53.09 0.00 0.00 0.00 0.00
16 0.00 0.00 0.00 0.00 28.48 52.42 25.07 53.02 0.00 0.00 0.00 0.00
16 0.00 0.00 0.00 0.00 28.48 52.42 25.46 52.95 0.00 0.00 0.00 0.00
16 0.00 0.00 0.00 0.00 29.99 50.06 26.03 52.64 0.00 0.00 0.00 0.00
16 0.00 0.00 0.00 0.00 29.99 50.06 26.65 52.34 0.00 0.00 0.00 0.00
16 0.00 0.00 0.00 0.00 63.07 -9.25 30.69 46.14 0.00 0.00 0.00 0.00
16 0.00 0.00 0.00 0.00 63.07 -9.25 34.50 39.83 0.00 0.00 0.00 0.00
16 0.00 0.00 0.00 0.00 35.59 38.76 35.75 38.31 0.00 0.00 0.00 0.00
16 0.00 0.00 0.00 0.00 37.92 37.26 37.01 36.76 0.00 0.00 0.00 0.00
16 0.00 0.00 0.00 0.00 37.89 36.08 38.22 35.14 0.00 0.00 0.00 0.00
16 0.00 0.00 0.00 0.00 37.89 36.08 39.24 33.46 0.00 0.00 0.00 0.00
16 0.00 0.00 0.00 0.00 65.38 -6.54 42.93 27.57 0.00 0.00 0.00 0.00
16 0.00 0.00 0.00 0.00 65.38 -7.70 46.62 21.56 0.00 0.00 0.00 0.00
16 0.00 0.00 0.00 0.00 65.39 -4.99 50.16 16.05 0.00 0.00 0.00 0.00
16 0.00 0.00 0.00 0.00 65.01 -3.06 53.66 10.74 0.00 0.00 0.00 0.00
16 0.00 0.00 0.00 0.00 65.01 -3.06 53.85 11.36 0.00 0.00 0.00 0.00
16 0.00 0.00 0.00 0.00 66.53 -5.76 54.20 11.71 0.00 0.00 0.00 0.00
16 0.00 0.00 0.00 0.00 66.53 -5.38 57.29 7.29 0.00 0.00 0.00 0.00
16 0.00 0.00 0.00 0.00 68.04 -6.14 60.30 2.95 0.00 0.00 0.00 0.00
16 0.00 0.00 0.00 0.00 35.89 14.93 60.10 0.84 0.00 0.00 0.00 0.00
16 0.00 0.00 0.00 0.00 35.46 10.77 59.86 -1.69 0.00 0.00 0.00 0.00
16 0.00 0.00 0.00 0.00 35.45 8.51 56.87 -0.19 0.00 0.00 0.00 0.00
16 0.00 0.00 0.00 0.00 35.85 5.87 53.91 1.17 0.00 0.00 0.00 0.00
16 0.00 0.00 0.00 0.00 36.65 3.22 51.04 1.99 0.00 0.00 0.00 0.00
16 0.00 0.00 0.00 0.00 35.87 0.58 48.13 2.35 0.00 0.00 0.00 0.00
16 0.00 0.00 0.00 0.00 37.07 -0.94 45.33 2.57 0.00 0.00 0.00 0.00
16 0.00 0.00 0.00 0.00 37.10 -3.22 42.39 2.82 0.00 0.00 0.00 0.00
16 0.00 0.00 0.00 0.00 37.50 -3.99 39.49 2.96 0.00 0.00 0.00 0.00
16 0.00 0.00 0.00 0.00 36.72 -4.74 36.36 3.10 0.00 0.00 0.00 0.00
16 0.00 0.00 0.00 0.00 36.72 -4.74 36.44 1.13 0.00 0.00 0.00 0.00
16 0.00 0.00 0.00 0.00 37.13 -5.50 36.61 -0.49 0.00 0.00 0.00 0.00
16 0.00 0.00 0.00 0.00 37.52 -5.13 36.81 -1.86 0.00 0.00 0.00 0.00
16 0.00 0.00 0.00 0.00 37.12 -5.12 36.94 -2.96 0.00 0.00 0.00 0.00
16 0.00 0.00 0.00 0.00 37.12 -4.74 36.99 -3.75 0.00 0.00 0.00 0.00
16 0.00 0.00 0.00 0.00 37.51 -4.75 37.15 -4.29 0.00 0.00 0.00 0.00
16 0.00 0.00 0.00 0.00 37.10 -3.60 37.16 -4.55 0.00 0.00 0.00 0.00
16 0.00 0.00 0.00 0.00 37.88 -2.47 37.23 -4.48 0.00 0.00 0.00 0.00
16 0.00 0.00 0.00 0.00 38.66 -0.96 37.35 -4.17 0.00 0.00 0.00 0.00
16 0.00 0.00 0.00 0.00 37.86 -0.57 37.46 -3.76 0.00 0.00 0.00 0.00
16 0.00 0.00 0.00 0.00 38.64 0.56 37.66 -3.23 0.00 0.00 0.00 0.00
16 0.00 0.00 0.00 0.00 38.64 1.32 37.81 -2.55 0.00 0.00 0.00 0.00
16 0.00 0.00 0.00 0.00 38.24 2.08 37.88 -1.83 0.00 0.00 0.00 0.00
16 0.00 0.00 0.00 0.00 39.83 2.07 38.15 -1.11 0.00 0.00 0.00 0.00
16 0.00 0.00 0.00 0.00 37.05 2.46 38.14 -0.39 0.00 0.00 0.00 0.00
16 0.00 0.00 0.00 0.00 37.84 2.46 38.17 0.33 0.00 0.00 0.00 0.00
16 0.00 0.00 0.00 0.00 39.43 2.45 38.41 0.94 0.00 0.00 0.00 0.00
16 0.00 0.00 0.00 0.00 38.63 2.83 38.48 1.47 0.00 0.00 0.00 0.00
16 0.00 0.00 0.00 0.00 38.63 2.83 38.48 1.85 0.00 0.00 0.00 0.00
16 0.00 0.00 0.00 0.00 38.63 2.83 38.55 2.19 0.00 0.00 0.00 0.00
16 0.00 0.00 0.00 0.00 39.42 2.83 38.63 2.42 0.00 0.00 0.00 0.00
16 0.00 0.00 0.00 0.00 39.42 3.59 38.71 2.64 0.00 0.00 0.00 0.00
16 0.00 0.00 0.00 0.00 38.63 3.59 38.75 2.80 0.00 0.00 0.00 0.00
16 0.00 0.00 0.00 0.00 39.42 3.97 38.71 2.99 0.00 0.00 0.00 0.00
16 0.00 0.00 0.00 0.00 39.42 3.59 38.95 3.10 0.00 0.00 0.00 0.00
16 0.00 0.00 0.00 0.00 39.02 4.35 39.06 3.29 0.00 0.00 0.00 0.00
16 0.00 0.00 0.00 0.00 38.62 4.35 38.98 3.48 0.00 0.00 0.00 0.00
16 0.00 0.00 0.00 0.00 39.42 4.73 39.06 3.67 0.00 0.00 0.00 0.00
16 0.00 0.00 0.00 0.00 38.22 4.73 39.02 3.86 0.00 0.00 0.00 0.00
16 0.00 0.00 0.00 0.00 37.83 4.73 38.94 4.04 0.00 0.00 0.00 0.00
16 0.00 0.00 0.00 0.00 37.83 4.73 38.78 4.24 0.00 0.00 0.00 0.00
16 0.00 0.00 0.00 0.00 37.83 5.49 38.62 4.42 0.00 0.00 0.00 0.00
16 0.00 0.00 0.00 0.00 35.06 5.87 38.27 4.65 0.00 0.00 0.00 0.00
16 0.00 0.00 0.00 0.00 36.64 6.62 37.99 4.92 0.00 0.00 0.00 0.00
16 0.00 0.00 0.00 0.00 37.03 6.62 37.75 5.22 0.00 0.00 0.00 0.00
16 0.00 0.00 0.00 0.00 35.06 7.38 37.35 5.52 0.00 0.00 0.00 0.00
16 0.00 0.00 0.00 0.00 37.43 8.13 37.23 5.90 0.00 0.00 0.00 0.00
16 0.00 0.00 0.00 0.00 33.88 8.88 36.68 6.32 0.00 0.00 0.00 0.00
16 0.00 0.00 0.00 0.00 35.85 8.51 36.44 6.70 0.00 0.00 0.00 0.00
16 0.00 0.00 0.00 0.00 35.06 9.64 36.17 7.19 0.00 0.00 0.00 0.00
16 0.00 0.00 0.00 0.00 35.85 9.26 35.97 7.64 0.00 0.00 0.00 0.00
16 0.00 0.00 0.00 0.00 35.85 9.26 35.77 8.02 0.00 0.00 0.00 0.00
16 0.00 0.00 0.00 0.00 35.46 9.64 35.81 8.40 0.00 0.00 0.00 0.00
16 0.00 0.00 0.00 0.00 35.46 9.26 35.69 8.66 0.00 0.00 0.00 0.00
16 0.00 0.00 0.00 0.00 35.85 8.89 35.57 8.89 0.00 0.00 0.00 0.00
16 0.00 0.00 0.00 0.00 35.45 8.51 35.61 9.00 0.00 0.00 0.00 0.00
16 0.00 0.00 0.00 0.00 35.85 8.89 35.46 9.07 0.00 0.00 0.00 0.00
16 0.00 0.00 0.00 0.00 36.24 8.89 35.69 9.08 0.00 0.00 0.00 0.00
16 0.00 0.00 0.00 0.00 36.25 10.02 35.73 9.23 0.00 0.00 0.00 0.00
16 0.00 0.00 0.00 0.00 35.85 9.64 35.81 9.23 0.00 0.00 0.00 0.00
16 0.00 0.00 0.00 0.00 35.46 10.02 35.77 9.30 0.00 0.00 0.00 0.00
16 0.00 0.00 0.00 0.00 35.46 11.15 35.73 9.49 0.00 0.00 0.00 0.00
16 0.00 0.00 0.00 0.00 34.68 11.90 35.66 9.72 0.00 0.00 0.00 0.00
16 0.00 0.00 0.00 0.00 37.05 12.29 35.81 10.02 0.00 0.00 0.00 0.00
16 0.00 0.00 0.00 0.00 35.48 13.79 35.78 10.51 0.00 0.00 0.00 0.00
16 0.00 0.00 0.00 0.00 37.06 13.43 35.94 11.00 0.00 0.00 0.00 0.00
16 0.00 0.00 0.00 0.00 36.67 14.56 36.02 11.57 0.00 0.00 0.00 0.00
16 0.00 0.00 0.00 0.00 37.07 14.56 36.10 12.14 0.00 0.00 0.00 0.00
16 0.00 0.00 0.00 0.00 37.47 15.33 36.23 12.67 0.00 0.00 0.00 0.00
16 0.00 0.00 0.00 0.00 37.87 15.71 36.43 13.27 0.00 0.00 0.00 0.00
16 0.00 0.00 0.00 0.00 38.27 16.09 36.71 13.88 0.00 0.00 0.00 0.00
16 0.00 0.00 0.00 0.00 37.49 16.85 36.91 14.45 0.00 0.00 0.00 0.00
16 0.00 0.00 0.00 0.00 38.28 16.85 37.27 14.95 0.00 0.00 0.00 0.00
16 0.00 0.00 0.00 0.00 38.28 16.85 37.40 15.40 0.00 0.00 0.00 0.00
16 0.00 0.00 0.00 0.00 39.09 17.63 37.76 15.79 0.00 0.00 0.00 0.00
16 0.00 0.00 0.00 0.00 37.50 17.61 37.80 16.20 0.00 0.00 0.00 0.00
16 0.00 0.00 0.00 0.00 38.31 19.14 37.96 16.66 0.00 0.00 0.00 0.00
16 0.00 0.00 0.00 0.00 38.70 18.76 38.13 17.08 0.00 0.00 0.00 0.00
16 0.00 0.00 0.00 0.00 37.94 20.66 38.17 17.62 0.00 0.00 0.00 0.00
16 0.00 0.00 0.00 0.00 39.52 20.30 38.34 18.07 0.00 0.00 0.00 0.00
16 0.00 0.00 0.00 0.00 39.53 20.68 38.46 18.53 0.00 0.00 0.00 0.00
16 0.00 0.00 0.00 0.00 37.94 20.66 38.51 18.91 0.00 0.00 0.00 0.00
16 0.00 0.00 0.00 0.00 39.11 19.53 38.59 19.18 0.00 0.00 0.00 0.00
16 0.00 0.00 0.00 0.00 38.33 20.28 38.60 19.52 0.00 0.00 0.00 0.00
16 0.00 0.00 0.00 0.00 38.33 20.28 38.52 19.79 0.00 0.00 0.00 0.00
16 0.00 0.00 0.00 0.00 38.73 20.29 38.64 20.06 0.00 0.00 0.00 0.00
16 0.00 0.00 0.00 0.00 38.32 19.52 38.65 20.10 0.00 0.00 0.00 0.00
16 0.00 0.00 0.00 0.00 39.11 19.15 38.69 20.14 0.00 0.00 0.00 0.00
16 0.00 0.00 0.00 0.00 38.30 18.38 38.72 19.91 0.00 0.00 0.00 0.00
16 0.00 0.00 0.00 0.00 39.08 16.86 38.68 19.56 0.00 0.00 0.00 0.00
16 0.00 0.00 0.00 0.00 38.67 16.48 38.59 19.14 0.00 0.00 0.00 0.00
16 0.00 0.00 0.00 0.00 39.06 15.72 38.70 18.65 0.00 0.00 0.00 0.00
16 0.00 0.00 0.00 0.00 38.27 15.71 38.62 18.27 0.00 0.00 0.00 0.00
16 0.00 0.00 0.00 0.00 38.26 14.58 38.61 17.70 0.00 0.00 0.00 0.00
16 0.00 0.00 0.00 0.00 37.85 13.81 38.57 17.05 0.00 0.00 0.00 0.00
16 0.00 0.00 0.00 0.00 37.85 13.43 38.48 16.37 0.00 0.00 0.00 0.00
16 0.00 0.00 0.00 0.00 38.24 11.92 38.47 15.61 0.00 0.00 0.00 0.00
16 0.00 0.00 0.00 0.00 37.44 11.54 38.30 14.84 0.00 0.00 0.00 0.00
16 0.00 0.00 0.00 0.00 38.23 11.16 38.30 14.12 0.00 0.00 0.00 0.00
16 0.00 0.00 0.00 0.00 38.63 10.41 38.25 13.48 0.00 0.00 0.00 0.00
16 0.00 0.00 0.00 0.00 37.83 9.65 38.17 12.79 0.00 0.00 0.00 0.00
16 0.00 0.00 0.00 0.00 35.45 8.89 37.81 12.11 0.00 0.00 0.00 0.00
16 0.00 0.00 0.00 0.00 37.82 7.76 37.76 11.31 0.00 0.00 0.00 0.00
16 0.00 0.00 0.00 0.00 38.22 6.62 37.76 10.52 0.00 0.00 0.00 0.00
16 0.00 0.00 0.00 0.00 38.62 5.86 37.83 9.72 0.00 0.00 0.00 0.00
16 0.00 0.00 0.00 0.00 39.02 4.73 37.95 8.85 0.00 0.00 0.00 0.00
16 0.00 0.00 0.00 0.00 38.23 3.59 37.95 8.02 0.00 0.00 0.00 0.00
16 0.00 0.00 0.00 0.00 39.42 2.83 38.15 7.15 0.00 0.00 0.00 0.00
16 0.00 0.00 0.00 0.00 40.23 2.07 38.35 6.24 0.00 0.00 0.00 0.00
16 0.00 0.00 0.00 0.00 40.63 1.30 38.55 5.33 0.00 0.00 0.00 0.00
16 0.00 0.00 0.00 0.00 40.23 0.93 38.79 4.46 0.00 0.00 0.00 0.00
16 0.00 0.00 0.00 0.00 41.44 -0.22 39.39 3.55 0.00 0.00 0.00 0.00
16 0.00 0.00 0.00 0.00 41.04 -0.22 39.71 2.75 0.00 0.00 0.00 0.00
16 0.00 0.00 0.00 0.00 41.85 -0.99 40.07 1.99 0.00 0.00 0.00 0.00
16 0.00 0.00 0.00 0.00 41.85 -1.37 40.39 1.26 0.00 0.00 0.00 0.00
16 0.00 0.00 0.00 0.00 43.05 -1.00 40.80 0.69 0.00 0.00 0.00 0.00
16 0.00 0.00 0.00 0.00 43.45 -0.62 41.32 0.27 0.00 0.00 0.00 0.00
16 0.00 0.00 0.00 0.00 44.26 -1.39 41.80 -0.15 0.00 0.00 0.00 0.00
16 0.00 0.00 0.00 0.00 45.05 -0.64 42.29 -0.42 0.00 0.00 0.00 0.00
16 0.00 0.00 0.00 0.00 45.86 -0.26 42.81 -0.58 0.00 0.00 0.00 0.00
16 0.00 0.00 0.00 0.00 46.66 -0.65 43.45 -0.74 0.00 0.00 0.00 0.00
16 0.00 0.00 0.00 0.00 47.06 0.11 44.01 -0.70 0.00 0.00 0.00 0.00
16 0.00 0.00 0.00 0.00 48.27 0.10 44.74 -0.67 0.00 0.00 0.00 0.00
16 0.00 0.00 0.00 0.00 48.67 0.87 45.42 -0.48 0.00 0.00 0.00 0.00
16 0.00 0.00 0.00 0.00 49.47 2.01 46.18 -0.15 0.00 0.00 0.00 0.00
16 0.00 0.00 0.00 0.00 50.28 2.01 46.90 0.15 0.00 0.00 0.00 0.00
16 0.00 0.00 0.00 0.00 51.48 2.77 47.71 0.49 0.00 0.00 0.00 0.00
16 0.00 0.00 0.00 0.00 51.08 3.16 48.39 0.95 0.00 0.00 0.00 0.00
16 0.00 0.00 0.00 0.00 53.50 4.69 49.23 1.48 0.00 0.00 0.00 0.00
16 0.00 0.00 0.00 0.00 54.30 4.69 50.08 1.98 0.00 0.00 0.00 0.00
16 0.00 0.00 0.00 0.00 53.49 6.62 50.76 2.70 0.00 0.00 0.00 0.00
16 0.00 0.00 0.00 0.00 55.91 7.77 51.64 3.47 0.00 0.00 0.00 0.00
16 0.00 0.00 0.00 0.00 53.90 8.54 52.21 4.31 0.00 0.00 0.00 0.00
16 0.00 0.00 0.00 0.00 53.50 10.08 52.69 5.23 0.00 0.00 0.00 0.00
16 0.00 0.00 0.00 0.00 53.10 11.23 53.05 6.16 0.00 0.00 0.00 0.00
16 0.00 0.00 0.00 0.00 50.28 12.76 53.05 7.23 0.00 0.00 0.00 0.00
16 0.00 0.00 0.00 0.00 49.48 13.14 52.85 8.27 0.00 0.00 0.00 0.00
16 0.00 0.00 0.00 0.00 48.28 15.05 52.57 9.46 0.00 0.00 0.00 0.00
16 0.00 0.00 0.00 0.00 47.49 16.57 51.97 10.64 0.00 0.00 0.00 0.00
16 0.00 0.00 0.00 0.00 45.88 16.56 51.13 11.83 0.00 0.00 0.00 0.00
16 0.00 0.00 0.00 0.00 44.69 18.46 50.25 13.02 0.00 0.00 0.00 0.00
16 0.00 0.00 0.00 0.00 43.92 20.37 49.05 14.28 0.00 0.00 0.00 0.00
16 0.00 0.00 0.00 0.00 43.51 19.98 48.01 15.42 0.00 0.00 0.00 0.00
16 0.00 0.00 0.00 0.00 41.55 22.25 46.82 16.64 0.00 0.00 0.00 0.00
16 0.00 0.00 0.00 0.00 40.78 23.77 45.59 17.89 0.00 0.00 0.00 0.00
16 0.00 0.00 0.00 0.00 39.60 24.51 44.52 19.06 0.00 0.00 0.00 0.00
16 0.00 0.00 0.00 0.00 68.78 -6.14 46.45 17.14 0.00 0.00 0.00 0.00
16 0.00 0.00 0.00 0.00 68.78 -6.14 48.50 15.02 0.00 0.00 0.00 0.00
16 0.00 0.00 0.00 0.00 35.43 32.52 47.29 16.61 0.00 0.00 0.00 0.00
16 0.00 0.00 0.00 0.00 35.43 32.52 46.25 18.21 0.00 0.00 0.00 0.00
16 0.00 0.00 0.00 0.00 35.51 35.63 45.33 19.93 0.00 0.00 0.00 0.00
16 0.00 0.00 0.00 0.00 34.36 37.16 44.37 21.61 0.00 0.00 0.00 0.00
16 0.00 0.00 0.00 0.00 33.23 38.70 43.34 23.48 0.00 0.00 0.00 0.00
16 0.00 0.00 0.00 0.00 33.64 39.49 42.55 25.20 0.00 0.00 0.00 0.00
16 0.00 0.00 0.00 0.00 32.89 40.65 41.76 26.89 0.00 0.00 0.00 0.00
16 0.00 0.00 0.00 0.00 32.92 41.83 41.10 28.62 0.00 0.00 0.00 0.00
16 0.00 0.00 0.00 0.00 31.36 42.18 37.35 33.46 0.00 0.00 0.00 0.00
16 0.00 0.00 0.00 0.00 31.36 42.18 33.61 38.29 0.00 0.00 0.00 0.00
16 0.00 0.00 0.00 0.00 30.72 47.70 33.14 39.81 0.00 0.00 0.00 0.00
16 0.00 0.00 0.00 0.00 30.72 47.70 32.67 41.32 0.00 0.00 0.00 0.00
16 0.00 0.00 0.00 0.00 65.38 -6.93 35.66 37.07 0.00 0.00 0.00 0.00
16 0.00 0.00 0.00 0.00 65.39 -4.61 38.76 32.89 0.00 0.00 0.00 0.00
16 0.00 0.00 0.00 0.00 64.62 -3.45 41.90 28.68 0.00 0.00 0.00 0.00
16 0.00 0.00 0.00 0.00 65.39 -4.99 45.07 24.23 0.00 0.00 0.00 0.00
16 0.00 0.00 0.00 0.00 65.00 -3.45 48.28 19.82 0.00 0.00 0.00 0.00
16 0.00 0.00 0.00 0.00 65.00 -3.45 51.49 15.29 0.00 0.00 0.00 0.00
16 0.00 0.00 0.00 0.00 67.66 -6.53 55.12 10.42 0.00 0.00 0.00 0.00
16 0.00 0.00 0.00 0.00 66.15 -5.38 58.60 5.66 0.00 0.00 0.00 0.00
16 0.00 0.00 0.00 0.00 66.15 -5.38 62.15 0.35 0.00 0.00 0.00 0.00
16 0.00 0.00 0.00 0.00 32.40 37.11 62.31 -0.70 0.00 0.00 0.00 0.00
16 0.00 0.00 0.00 0.00 32.70 33.62 59.05 3.35 0.00 0.00 0.00 0.00
16 0.00 0.00 0.00 0.00 33.43 31.31 55.85 6.94 0.00 0.00 0.00 0.00
16 0.00 0.00 0.00 0.00 32.95 27.45 52.68 10.03 0.00 0.00 0.00 0.00
16 0.00 0.00 0.00 0.00 32.90 25.53 49.43 13.08 0.00 0.00 0.00 0.00
16 0.00 0.00 0.00 0.00 34.38 20.22 46.37 15.45 0.00 0.00 0.00 0.00
16 0.00 0.00 0.00 0.00 35.90 16.45 43.46 17.44 0.00 0.00 0.00 0.00
16 0.00 0.00 0.00 0.00 36.27 14.18 40.32 19.51 0.00 0.00 0.00 0.00
16 0.00 0.00 0.00 0.00 36.65 10.78 37.37 21.13 0.00 0.00 0.00 0.00
16 0.00 0.00 0.00 0.00 36.64 7.76 34.42 22.44 0.00 0.00 0.00 0.00
16 0.00 0.00 0.00 0.00 38.62 5.11 35.04 19.24 0.00 0.00 0.00 0.00
16 0.00 0.00 0.00 0.00 41.03 1.30 35.88 16.01 0.00 0.00 0.00 0.00
16 0.00 0.00 0.00 0.00 40.24 0.17 36.56 12.89 0.00 0.00 0.00 0.00
16 0.00 0.00 0.00 0.00 39.84 0.17 37.25 10.17 0.00 0.00 0.00 0.00
16 0.00 0.00 0.00 0.00 40.64 -0.22 38.02 7.59 0.00 0.00 0.00 0.00
16 0.00 0.00 0.00 0.00 41.05 -0.60 38.69 5.51 0.00 0.00 0.00 0.00
16 0.00 0.00 0.00 0.00 41.84 -0.61 39.28 3.80 0.00 0.00 0.00 0.00
16 0.00 0.00 0.00 0.00 42.26 -1.76 39.88 2.21 0.00 0.00 0.00 0.00
16 0.00 0.00 0.00 0.00 42.66 -2.14 40.48 0.92 0.00 0.00 0.00 0.00
16 0.00 0.00 0.00 0.00 43.46 -2.15 41.16 -0.07 0.00 0.00 0.00 0.00
16 0.00 0.00 0.00 0.00 43.86 -1.39 41.69 -0.72 0.00 0.00 0.00 0.00
16 0.00 0.00 0.00 0.00 44.25 -1.01 42.01 -0.95 0.00 0.00 0.00 0.00
16 0.00 0.00 0.00 0.00 72.77 -8.02 45.26 -1.77 0.00 0.00 0.00 0.00
16 0.00 0.00 0.00 0.00 71.69 -8.42 48.45 -2.63 0.00 0.00 0.00 0.00
16 0.00 0.00 0.00 0.00 61.50 -2.67 50.53 -2.88 0.00 0.00 0.00 0.00
16 0.00 0.00 0.00 0.00 69.84 -10.75 53.41 -3.89 0.00 0.00 0.00 0.00
16 0.00 0.00 0.00 0.00 63.06 0.42 55.54 -3.79 0.00 0.00 0.00 0.00
16 0.00 0.00 0.00 0.00 62.28 -0.74 57.54 -3.69 0.00 0.00 0.00 0.00
16 0.00 0.00 0.00 0.00 62.28 -0.74 59.50 -3.55 0.00 0.00 0.00 0.00
16 0.00 0.00 0.00 0.00 47.88 -1.04 59.94 -3.43 0.00 0.00 0.00 0.00
16 0.00 0.00 0.00 0.00 49.50 -1.82 60.51 -3.48 0.00 0.00 0.00 0.00
16 0.00 0.00 0.00 0.00 56.34 -1.88 61.72 -3.56 0.00 0.00 0.00 0.00
16 0.00 0.00 0.00 0.00 55.94 -1.87 60.03 -2.95 0.00 0.00 0.00 0.00
16 0.00 0.00 0.00 0.00 55.14 -1.87 58.38 -2.30 0.00 0.00 0.00 0.00
16 0.00 0.00 0.00 0.00 56.74 -1.49 57.90 -2.18 0.00 0.00 0.00 0.00
16 0.00 0.00 0.00 0.00 56.34 -1.49 56.55 -1.25 0.00 0.00 0.00 0.00
16 0.00 0.00 0.00 0.00 56.73 -0.72 55.92 -1.37 0.00 0.00 0.00 0.00
16 0.00 0.00 0.00 0.00 56.73 -0.72 55.36 -1.36 0.00 0.00 0.00 0.00
16 0.00 0.00 0.00 0.00 55.93 0.06 54.72 -1.28 0.00 0.00 0.00 0.00
16 0.00 0.00 0.00 0.00 55.52 0.83 55.49 -1.10 0.00 0.00 0.00 0.00
16 0.00 0.00 0.00 0.00 55.52 1.22 56.09 -0.79 0.00 0.00 0.00 0.00
16 0.00 0.00 0.00 0.00 54.71 3.15 55.93 -0.29 0.00 0.00 0.00 0.00
16 0.00 0.00 0.00 0.00 53.50 3.15 55.68 0.21 0.00 0.00 0.00 0.00
16 0.00 0.00 0.00 0.00 47.04 4.71 54.87 0.87 0.00 0.00 0.00 0.00
16 0.00 0.00 0.00 0.00 46.63 5.85 53.86 1.60 0.00 0.00 0.00 0.00
16 0.00 0.00 0.00 0.00 46.23 7.00 52.85 2.45 0.00 0.00 0.00 0.00
16 0.00 0.00 0.00 0.00 44.62 8.14 51.64 3.34 0.00 0.00 0.00 0.00
16 0.00 0.00 0.00 0.00 49.46 8.92 50.91 4.30 0.00 0.00 0.00 0.00
16 0.00 0.00 0.00 0.00 43.82 10.05 49.70 5.30 0.00 0.00 0.00 0.00
16 0.00 0.00 0.00 0.00 43.02 11.19 48.45 6.34 0.00 0.00 0.00 0.00
16 0.00 0.00 0.00 0.00 41.83 12.32 47.08 7.45 0.00 0.00 0.00 0.00
16 0.00 0.00 0.00 0.00 41.04 13.84 45.72 8.52 0.00 0.00 0.00 0.00
16 0.00 0.00 0.00 0.00 41.05 14.60 44.47 9.66 0.00 0.00 0.00 0.00
16 0.00 0.00 0.00 0.00 39.86 16.11 43.75 10.80 0.00 0.00 0.00 0.00
16 0.00 0.00 0.00 0.00 39.46 15.35 43.04 11.75 0.00 0.00 0.00 0.00
16 0.00 0.00 0.00 0.00 39.48 17.63 42.36 12.82 0.00 0.00 0.00 0.00
16 0.00 0.00 0.00 0.00 39.49 18.39 41.85 13.84 0.00 0.00 0.00 0.00
16 0.00 0.00 0.00 0.00 39.89 18.40 40.89 14.79 0.00 0.00 0.00 0.00
16 0.00 0.00 0.00 0.00 38.70 18.76 40.38 15.66 0.00 0.00 0.00 0.00
16 0.00 0.00 0.00 0.00 39.12 19.91 39.99 16.53 0.00 0.00 0.00 0.00
16 0.00 0.00 0.00 0.00 39.14 21.44 39.72 17.44 0.00 0.00 0.00 0.00
16 0.00 0.00 0.00 0.00 39.52 19.92 39.57 18.05 0.00 0.00 0.00 0.00
16 0.00 0.00 0.00 0.00 39.95 21.84 39.46 18.78 0.00 0.00 0.00 0.00
16 0.00 0.00 0.00 0.00 40.72 20.32 39.55 19.20 0.00 0.00 0.00 0.00
16 0.00 0.00 0.00 0.00 39.54 21.07 39.56 19.77 0.00 0.00 0.00 0.00
16 0.00 0.00 0.00 0.00 38.35 21.43 39.44 20.15 0.00 0.00 0.00 0.00
16 0.00 0.00 0.00 0.00 38.77 22.58 39.37 20.57 0.00 0.00 0.00 0.00
16 0.00 0.00 0.00 0.00 40.32 20.31 39.41 20.76 0.00 0.00 0.00 0.00
16 0.00 0.00 0.00 0.00 38.40 24.11 39.38 21.29 0.00 0.00 0.00 0.00
16 0.00 0.00 0.00 0.00 38.36 21.81 39.30 21.48 0.00 0.00 0.00 0.00
16 0.00 0.00 0.00 0.00 38.73 20.67 39.26 21.41 0.00 0.00 0.00 0.00
16 0.00 0.00 0.00 0.00 39.14 21.06 39.23 21.52 0.00 0.00 0.00 0.00
16 0.00 0.00 0.00 0.00 37.16 21.41 38.95 21.48 0.00 0.00 0.00 0.00
16 0.00 0.00 0.00 0.00 39.88 17.64 38.86 21.21 0.00 0.00 0.00 0.00
16 0.00 0.00 0.00 0.00 39.87 16.49 38.90 20.75 0.00 0.00 0.00 0.00
16 0.00 0.00 0.00 0.00 38.26 14.96 38.89 20.10 0.00 0.00 0.00 0.00
16 0.00 0.00 0.00 0.00 39.83 11.55 38.99 19.00 0.00 0.00 0.00 0.00
16 0.00 0.00 0.00 0.00 72.41 -8.41 42.20 16.13 0.00 0.00 0.00 0.00
16 0.00 0.00 0.00 0.00 61.50 0.42 44.51 13.76 0.00 0.00 0.00 0.00
16 0.00 0.00 0.00 0.00 63.85 -1.13 47.06 11.47 0.00 0.00 0.00 0.00
16 0.00 0.00 0.00 0.00 65.78 -0.35 49.77 9.36 0.00 0.00 0.00 0.00
16 0.00 0.00 0.00 0.00 64.23 -1.51 52.28 7.11 0.00 0.00 0.00 0.00
16 0.00 0.00 0.00 0.00 68.04 -5.76 55.36 4.39 0.00 0.00 0.00 0.00
16 0.00 0.00 0.00 0.00 68.77 -8.07 58.25 1.82 0.00 0.00 0.00 0.00
16 0.00 0.00 0.00 0.00 69.48 -10.37 61.21 -0.87 0.00 0.00 0.00 0.00
16 0.00 0.00 0.00 0.00 62.69 -10.03 63.66 -3.36 0.00 0.00 0.00 0.00
16 0.00 0.00 0.00 0.00 59.97 -13.51 65.67 -5.87 0.00 0.00 0.00 0.00
16 0.00 0.00 0.00 0.00 59.97 -13.51 64.43 -6.38 0.00 0.00 0.00 0.00
16 0.00 0.00 0.00 0.00 64.97 -13.88 64.77 -7.81 0.00 0.00 0.00 0.00
16 0.00 0.00 0.00 0.00 65.73 -13.49 64.96 -9.05 0.00 0.00 0.00 0.00
16 0.00 0.00 0.00 0.00 66.11 -13.10 65.00 -10.32 0.00 0.00 0.00 0.00
16 0.00 0.00 0.00 0.00 67.23 -13.48 65.29 -11.52 0.00 0.00 0.00 0.00
16 0.00 0.00 0.00 0.00 67.60 -13.09 65.25 -12.25 0.00 0.00 0.00 0.00
16 0.00 0.00 0.00 0.00 67.97 -13.08 65.17 -12.75 0.00 0.00 0.00 0.00
16 0.00 0.00 0.00 0.00 67.98 -12.70 65.02 -12.99 0.00 0.00 0.00 0.00
16 0.00 0.00 0.00 0.00 68.72 -12.69 65.62 -13.25 0.00 0.00 0.00 0.00
16 0.00 0.00 0.00 0.00 69.45 -12.68 66.57 -13.17 0.00 0.00 0.00 0.00
16 0.00 0.00 0.00 0.00 69.82 -12.67 67.56 -13.09 0.00 0.00 0.00 0.00
16 0.00 0.00 0.00 0.00 69.82 -12.29 68.04 -12.93 0.00 0.00 0.00 0.00
16 0.00 0.00 0.00 0.00 70.91 -12.27 68.56 -12.80 0.00 0.00 0.00 0.00
16 0.00 0.00 0.00 0.00 68.73 -11.53 68.82 -12.65 0.00 0.00 0.00 0.00
16 0.00 0.00 0.00 0.00 70.20 -11.51 69.12 -12.45 0.00 0.00 0.00 0.00
16 0.00 0.00 0.00 0.00 70.92 -11.89 69.45 -12.33 0.00 0.00 0.00 0.00
16 0.00 0.00 0.00 0.00 72.72 -11.08 69.93 -12.13 0.00 0.00 0.00 0.00
16 0.00 0.00 0.00 0.00 71.64 -11.49 70.29 -12.01 0.00 0.00 0.00 0.00
16 0.00 0.00 0.00 0.00 71.28 -11.88 70.55 -11.93 0.00 0.00 0.00 0.00
16 0.00 0.00 0.00 0.00 71.99 -11.86 70.80 -11.85 0.00 0.00 0.00 0.00
16 0.00 0.00 0.00 0.00 73.06 -11.46 71.13 -11.73 0.00 0.00 0.00 0.00
16 0.00 0.00 0.00 0.00 72.38 -10.32 71.38 -11.53 0.00 0.00 0.00 0.00
16 0.00 0.00 0.00 0.00 72.71 -11.47 71.56 -11.45 0.00 0.00 0.00 0.00
16 0.00 0.00 0.00 0.00 72.74 -9.93 71.96 -11.29 0.00 0.00 0.00 0.00
16 0.00 0.00 0.00 0.00 73.80 -9.91 72.32 -11.13 0.00 0.00 0.00 0.00
16 0.00 0.00 0.00 0.00 73.09 -9.93 72.54 -10.93 0.00 0.00 0.00 0.00
16 0.00 0.00 0.00 0.00 73.79 -10.29 72.65 -10.85 0.00 0.00 0.00 0.00
16 0.00 0.00 0.00 0.00 73.77 -11.06 72.86 -10.81 0.00 0.00 0.00 0.00
16 0.00 0.00 0.00 0.00 73.41 -11.45 73.07 -10.77 0.00 0.00 0.00 0.00
16 0.00 0.00 0.00 0.00 73.45 -9.92 73.22 -10.57 0.00 0.00 0.00 0.00
16 0.00 0.00 0.00 0.00 72.73 -10.32 73.19 -10.46 0.00 0.00 0.00 0.00
16 0.00 0.00 0.00 0.00 73.06 -11.46 73.26 -10.57 0.00 0.00 0.00 0.00
