#Task Selector: 4
#PID Parameters: kp: 0.03, kd: 0.00, ki: 0.00
#n_pos: 10
#n_vel: 10
t x_ref y_ref vx_ref vy_ref x_raw y_raw x y vx_raw vy_raw vx vy
16 0.00 0.00 0.00 0.00 34.82 23.28 3.48 2.33 0.00 0.00 0.00 0.00
16 0.00 0.00 0.00 0.00 34.82 23.28 6.96 4.66 0.00 0.00 0.00 0.00
16 0.00 0.00 0.00 0.00 34.82 23.28 10.45 6.98 0.00 0.00 0.00 0.00
16 0.00 0.00 0.00 0.00 34.82 23.28 13.93 9.31 0.00 0.00 0.00 0.00
16 0.00 0.00 0.00 0.00 34.44 23.65 17.37 11.68 0.00 0.00 0.00 0.00
16 0.00 0.00 0.00 0.00 34.82 23.28 20.86 14.00 0.00 0.00 0.00 0.00
16 0.00 0.00 0.00 0.00 34.43 23.27 24.30 16.33 0.00 0.00 0.00 0.00
16 0.00 0.00 0.00 0.00 34.44 23.65 27.74 18.70 0.00 0.00 0.00 0.00
16 0.00 0.00 0.00 0.00 34.43 23.27 31.19 21.02 0.00 0.00 0.00 0.00
16 0.00 0.00 0.00 0.00 34.83 23.66 34.67 23.39 0.00 0.00 0.00 0.00
16 0.00 0.00 0.00 0.00 34.44 23.65 34.63 23.43 0.00 0.00 0.00 0.00
16 0.00 0.00 0.00 0.00 34.44 23.65 34.59 23.46 0.00 0.00 0.00 0.00
16 0.00 0.00 0.00 0.00 34.44 23.65 34.55 23.50 0.00 0.00 0.00 0.00
16 0.00 0.00 0.00 0.00 34.45 24.03 34.52 23.58 0.00 0.00 0.00 0.00
16 0.00 0.00 0.00 0.00 34.04 23.64 34.48 23.58 0.00 0.00 0.00 0.00
16 0.00 0.00 0.00 0.00 34.44 23.65 34.44 23.61 0.00 0.00 0.00 0.00
16 0.00 0.00 0.00 0.00 34.05 24.03 34.40 23.69 0.00 0.00 0.00 0.00
16 0.00 0.00 0.00 0.00 34.45 24.42 34.40 23.77 0.00 0.00 0.00 0.00
16 0.00 0.00 0.00 0.00 34.45 24.42 34.40 23.88 0.00 0.00 0.00 0.00
16 0.00 0.00 0.00 0.00 34.05 24.03 34.33 23.92 0.00 0.00 0.00 0.00
16 0.00 0.00 0.00 0.00 33.67 24.40 34.25 23.99 0.00 0.00 0.00 0.00
16 0.00 0.00 0.00 0.00 34.07 24.79 34.21 24.11 0.00 0.00 0.00 0.00
16 0.00 0.00 0.00 0.00 34.08 25.56 34.18 24.30 0.00 0.00 0.00 0.00
16 0.00 0.00 0.00 0.00 33.70 25.93 34.10 24.49 0.00 0.00 0.00 0.00
16 0.00 0.00 0.00 0.00 33.31 25.92 34.03 24.71 0.00 0.00 0.00 0.00
16 0.00 0.00 0.00 0.00 32.92 26.30 33.88 24.98 0.00 0.00 0.00 0.00
16 0.00 0.00 0.00 0.00 33.31 26.31 33.80 25.21 0.00 0.00 0.00 0.00
16 0.00 0.00 0.00 0.00 32.94 27.07 33.65 25.47 0.00 0.00 0.00 0.00
16 0.00 0.00 0.00 0.00 32.94 27.07 33.50 25.74 0.00 0.00 0.00 0.00
16 0.00 0.00 0.00 0.00 32.55 27.44 33.35 26.08 0.00 0.00 0.00 0.00
16 0.00 0.00 0.00 0.00 32.18 28.20 33.20 26.46 0.00 0.00 0.00 0.00
16 0.00 0.00 0.00 0.00 32.19 28.58 33.01 26.84 0.00 0.00 0.00 0.00
16 0.00 0.00 0.00 0.00 32.58 28.59 32.86 27.14 0.00 0.00 0.00 0.00
16 0.00 0.00 0.00 0.00 32.20 29.35 32.71 27.48 0.00 0.00 0.00 0.00
16 0.00 0.00 0.00 0.00 31.81 29.35 32.56 27.83 0.00 0.00 0.00 0.00
16 0.00 0.00 0.00 0.00 31.82 29.73 32.45 28.17 0.00 0.00 0.00 0.00
16 0.00 0.00 0.00 0.00 31.84 30.50 32.31 28.59 0.00 0.00 0.00 0.00
16 0.00 0.00 0.00 0.00 32.23 30.51 32.23 28.93 0.00 0.00 0.00 0.00
16 0.00 0.00 0.00 0.00 31.47 31.26 32.09 29.35 0.00 0.00 0.00 0.00
16 0.00 0.00 0.00 0.00 31.10 32.03 31.94 29.81 0.00 0.00 0.00 0.00
16 0.00 0.00 0.00 0.00 31.50 32.42 31.87 30.23 0.00 0.00 0.00 0.00
16 0.00 0.00 0.00 0.00 30.71 32.41 31.73 30.62 0.00 0.00 0.00 0.00
16 0.00 0.00 0.00 0.00 30.73 33.18 31.54 31.07 0.00 0.00 0.00 0.00
16 0.00 0.00 0.00 0.00 30.75 33.96 31.40 31.53 0.00 0.00 0.00 0.00
16 0.00 0.00 0.00 0.00 30.76 34.34 31.29 32.03 0.00 0.00 0.00 0.00
16 0.00 0.00 0.00 0.00 30.39 35.11 31.15 32.57 0.00 0.00 0.00 0.00
16 0.00 0.00 0.00 0.00 30.40 35.50 31.00 33.07 0.00 0.00 0.00 0.00
16 0.00 0.00 0.00 0.00 30.80 35.90 30.86 33.61 0.00 0.00 0.00 0.00
16 0.00 0.00 0.00 0.00 30.04 36.66 30.72 34.15 0.00 0.00 0.00 0.00
16 0.00 0.00 0.00 0.00 29.67 37.43 30.58 34.69 0.00 0.00 0.00 0.00
16 0.00 0.00 0.00 0.00 29.68 37.82 30.39 35.23 0.00 0.00 0.00 0.00
16 0.00 0.00 0.00 0.00 29.31 38.59 30.25 35.85 0.00 0.00 0.00 0.00
16 0.00 0.00 0.00 0.00 29.32 38.99 30.11 36.43 0.00 0.00 0.00 0.00
16 0.00 0.00 0.00 0.00 28.54 38.97 29.89 36.93 0.00 0.00 0.00 0.00
16 0.00 0.00 0.00 0.00 28.17 39.74 29.63 37.47 0.00 0.00 0.00 0.00
16 0.00 0.00 0.00 0.00 28.18 40.13 29.41 37.97 0.00 0.00 0.00 0.00
16 0.00 0.00 0.00 0.00 28.19 40.53 29.19 38.48 0.00 0.00 0.00 0.00
16 0.00 0.00 0.00 0.00 27.43 41.29 28.85 39.02 0.00 0.00 0.00 0.00
16 0.00 0.00 0.00 0.00 27.44 41.69 28.59 39.52 0.00 0.00 0.00 0.00
16 0.00 0.00 0.00 0.00 26.68 42.06 28.30 39.98 0.00 0.00 0.00 0.00
16 0.00 0.00 0.00 0.00 27.10 43.25 28.04 40.52 0.00 0.00 0.00 0.00
16 0.00 0.00 0.00 0.00 26.33 43.63 27.74 41.03 0.00 0.00 0.00 0.00
16 0.00 0.00 0.00 0.00 26.76 45.22 27.48 41.65 0.00 0.00 0.00 0.00
16 0.00 0.00 0.00 0.00 26.00 46.00 27.23 42.35 0.00 0.00 0.00 0.00
16 0.00 0.00 0.00 0.00 26.80 47.21 27.09 43.10 0.00 0.00 0.00 0.00
16 0.00 0.00 0.00 0.00 26.84 48.80 26.96 43.97 0.00 0.00 0.00 0.00
16 0.00 0.00 0.00 0.00 26.08 49.58 26.75 44.87 0.00 0.00 0.00 0.00
16 0.00 0.00 0.00 0.00 26.50 50.78 26.65 45.82 0.00 0.00 0.00 0.00
16 0.00 0.00 0.00 0.00 26.12 51.17 26.52 46.77 0.00 0.00 0.00 0.00
16 0.00 0.00 0.00 0.00 25.35 51.55 26.39 47.72 0.00 0.00 0.00 0.00
16 0.00 0.00 0.00 0.00 26.15 52.76 26.29 48.67 0.00 0.00 0.00 0.00
16 0.00 0.00 0.00 0.00 24.59 52.33 26.12 49.54 0.00 0.00 0.00 0.00
16 0.00 0.00 0.00 0.00 23.44 53.11 25.79 50.33 0.00 0.00 0.00 0.00
16 0.00 0.00 0.00 0.00 23.82 52.72 25.57 51.00 0.00 0.00 0.00 0.00
16 0.00 0.00 0.00 0.00 22.26 52.28 25.11 51.51 0.00 0.00 0.00 0.00
16 0.00 0.00 0.00 0.00 24.16 50.33 24.85 51.66 0.00 0.00 0.00 0.00
16 0.00 0.00 0.00 0.00 26.42 47.20 24.88 51.42 0.00 0.00 0.00 0.00
16 0.00 0.00 0.00 0.00 24.87 47.56 24.72 51.10 0.00 0.00 0.00 0.00
16 0.00 0.00 0.00 0.00 27.14 45.23 24.82 50.51 0.00 0.00 0.00 0.00
16 0.00 0.00 0.00 0.00 28.71 45.67 25.16 49.92 0.00 0.00 0.00 0.00
16 0.00 0.00 0.00 0.00 25.52 42.43 25.09 48.88 0.00 0.00 0.00 0.00
16 0.00 0.00 0.00 0.00 31.77 42.98 25.81 47.95 0.00 0.00 0.00 0.00
16 0.00 0.00 0.00 0.00 30.96 41.78 26.56 46.82 0.00 0.00 0.00 0.00
16 0.00 0.00 0.00 0.00 35.26 41.11 27.71 45.66 0.00 0.00 0.00 0.00
16 0.00 0.00 0.00 0.00 37.21 40.37 29.20 44.46 0.00 0.00 0.00 0.00
16 0.00 0.00 0.00 0.00 40.36 40.06 30.82 43.44 0.00 0.00 0.00 0.00
16 0.00 0.00 0.00 0.00 43.11 38.95 32.49 42.61 0.00 0.00 0.00 0.00
16 0.00 0.00 0.00 0.00 44.67 37.81 34.47 41.64 0.00 0.00 0.00 0.00
16 0.00 0.00 0.00 0.00 46.24 37.06 36.38 40.82 0.00 0.00 0.00 0.00
16 0.00 0.00 0.00 0.00 47.81 35.92 38.29 39.85 0.00 0.00 0.00 0.00
16 0.00 0.00 0.00 0.00 48.20 35.53 40.56 39.16 0.00 0.00 0.00 0.00
16 0.00 0.00 0.00 0.00 50.17 34.40 42.40 38.30 0.00 0.00 0.00 0.00
16 0.00 0.00 0.00 0.00 51.74 33.64 44.48 37.48 0.00 0.00 0.00 0.00
16 0.00 0.00 0.00 0.00 51.73 32.87 46.12 36.66 0.00 0.00 0.00 0.00
16 0.00 0.00 0.00 0.00 52.52 32.10 47.66 35.83 0.00 0.00 0.00 0.00
16 0.00 0.00 0.00 0.00 54.49 30.96 49.07 34.92 0.00 0.00 0.00 0.00
16 0.00 0.00 0.00 0.00 55.28 30.97 50.28 34.13 0.00 0.00 0.00 0.00
16 0.00 0.00 0.00 0.00 56.85 30.20 51.50 33.36 0.00 0.00 0.00 0.00
16 0.00 0.00 0.00 0.00 58.02 29.05 52.68 32.56 0.00 0.00 0.00 0.00
16 0.00 0.00 0.00 0.00 59.19 29.05 53.82 31.88 0.00 0.00 0.00 0.00
16 0.00 0.00 0.00 0.00 59.58 28.67 54.96 31.19 0.00 0.00 0.00 0.00
16 0.00 0.00 0.00 0.00 60.75 27.89 56.01 30.54 0.00 0.00 0.00 0.00
16 0.00 0.00 0.00 0.00 61.91 27.12 57.03 29.89 0.00 0.00 0.00 0.00
16 0.00 0.00 0.00 0.00 62.68 27.12 58.13 29.31 0.00 0.00 0.00 0.00
16 0.00 0.00 0.00 0.00 63.84 26.73 59.26 28.78 0.00 0.00 0.00 0.00
16 0.00 0.00 0.00 0.00 64.22 26.34 60.23 28.31 0.00 0.00 0.00 0.00
16 0.00 0.00 0.00 0.00 64.98 26.34 61.20 27.85 0.00 0.00 0.00 0.00
16 0.00 0.00 0.00 0.00 66.11 26.33 62.13 27.46 0.00 0.00 0.00 0.00
16 0.00 0.00 0.00 0.00 66.12 25.95 62.94 27.15 0.00 0.00 0.00 0.00
16 0.00 0.00 0.00 0.00 66.50 25.56 63.67 26.81 0.00 0.00 0.00 0.00
16 0.00 0.00 0.00 0.00 66.50 25.56 64.36 26.49 0.00 0.00 0.00 0.00
16 0.00 0.00 0.00 0.00 68.75 23.99 65.16 26.10 0.00 0.00 0.00 0.00
16 0.00 0.00 0.00 0.00 65.76 22.86 65.55 25.68 0.00 0.00 0.00 0.00
16 0.00 0.00 0.00 0.00 65.39 19.38 65.82 24.90 0.00 0.00 0.00 0.00
16 0.00 0.00 0.00 0.00 65.00 21.32 65.93 24.36 0.00 0.00 0.00 0.00
16 0.00 0.00 0.00 0.00 66.15 19.77 66.12 23.70 0.00 0.00 0.00 0.00
16 0.00 0.00 0.00 0.00 65.39 19.38 66.17 23.01 0.00 0.00 0.00 0.00
16 0.00 0.00 0.00 0.00 66.15 18.99 66.17 22.27 0.00 0.00 0.00 0.00
16 0.00 0.00 0.00 0.00 66.15 17.83 66.17 21.46 0.00 0.00 0.00 0.00
16 0.00 0.00 0.00 0.00 65.77 16.29 66.10 20.54 0.00 0.00 0.00 0.00
16 0.00 0.00 0.00 0.00 65.39 15.90 65.99 19.57 0.00 0.00 0.00 0.00
16 0.00 0.00 0.00 0.00 62.68 15.51 65.38 18.72 0.00 0.00 0.00 0.00
16 0.00 0.00 0.00 0.00 65.39 15.13 65.35 17.95 0.00 0.00 0.00 0.00
16 0.00 0.00 0.00 0.00 65.78 14.35 65.38 17.45 0.00 0.00 0.00 0.00
16 0.00 0.00 0.00 0.00 65.78 15.13 65.46 16.83 0.00 0.00 0.00 0.00
16 0.00 0.00 0.00 0.00 66.54 14.35 65.50 16.29 0.00 0.00 0.00 0.00
16 0.00 0.00 0.00 0.00 65.39 14.35 65.50 15.78 0.00 0.00 0.00 0.00
16 0.00 0.00 0.00 0.00 66.54 14.74 65.54 15.36 0.00 0.00 0.00 0.00
16 0.00 0.00 0.00 0.00 65.78 14.35 65.50 15.01 0.00 0.00 0.00 0.00
16 0.00 0.00 0.00 0.00 65.78 14.74 65.50 14.85 0.00 0.00 0.00 0.00
16 0.00 0.00 0.00 0.00 65.39 14.35 65.50 14.70 0.00 0.00 0.00 0.00
16 0.00 0.00 0.00 0.00 65.39 12.80 65.78 14.43 0.00 0.00 0.00 0.00
16 0.00 0.00 0.00 0.00 65.78 14.74 65.81 14.39 0.00 0.00 0.00 0.00
16 0.00 0.00 0.00 0.00 65.39 15.13 65.78 14.47 0.00 0.00 0.00 0.00
16 0.00 0.00 0.00 0.00 65.01 15.51 65.70 14.51 0.00 0.00 0.00 0.00
16 0.00 0.00 0.00 0.00 65.01 15.13 65.54 14.58 0.00 0.00 0.00 0.00
16 0.00 0.00 0.00 0.00 65.78 15.51 65.58 14.70 0.00 0.00 0.00 0.00
16 0.00 0.00 0.00 0.00 65.39 16.29 65.47 14.85 0.00 0.00 0.00 0.00
16 0.00 0.00 0.00 0.00 65.01 16.67 65.39 15.09 0.00 0.00 0.00 0.00
16 0.00 0.00 0.00 0.00 65.00 17.45 65.31 15.36 0.00 0.00 0.00 0.00
16 0.00 0.00 0.00 0.00 64.62 17.83 65.24 15.71 0.00 0.00 0.00 0.00
16 0.00 0.00 0.00 0.00 65.39 17.83 65.24 16.21 0.00 0.00 0.00 0.00
16 0.00 0.00 0.00 0.00 65.39 18.61 65.20 16.60 0.00 0.00 0.00 0.00
16 0.00 0.00 0.00 0.00 65.00 19.38 65.16 17.02 0.00 0.00 0.00 0.00
16 0.00 0.00 0.00 0.00 64.62 19.77 65.12 17.45 0.00 0.00 0.00 0.00
16 0.00 0.00 0.00 0.00 65.00 20.16 65.12 17.95 0.00 0.00 0.00 0.00
16 0.00 0.00 0.00 0.00 64.61 21.70 65.00 18.57 0.00 0.00 0.00 0.00
16 0.00 0.00 0.00 0.00 64.61 22.09 64.93 19.15 0.00 0.00 0.00 0.00
16 0.00 0.00 0.00 0.00 64.23 22.86 64.85 19.77 0.00 0.00 0.00 0.00
16 0.00 0.00 0.00 0.00 64.23 23.64 64.77 20.39 0.00 0.00 0.00 0.00
16 0.00 0.00 0.00 0.00 64.61 24.02 64.77 21.01 0.00 0.00 0.00 0.00
16 0.00 0.00 0.00 0.00 60.74 22.86 64.30 21.51 0.00 0.00 0.00 0.00
16 0.00 0.00 0.00 0.00 61.13 22.09 63.88 21.86 0.00 0.00 0.00 0.00
16 0.00 0.00 0.00 0.00 55.97 20.51 62.97 21.97 0.00 0.00 0.00 0.00
16 0.00 0.00 0.00 0.00 60.73 20.54 62.59 22.05 0.00 0.00 0.00 0.00
16 0.00 0.00 0.00 0.00 60.33 19.38 62.12 21.97 0.00 0.00 0.00 0.00
16 0.00 0.00 0.00 0.00 60.72 19.38 61.73 21.74 0.00 0.00 0.00 0.00
16 0.00 0.00 0.00 0.00 59.94 19.37 61.26 21.46 0.00 0.00 0.00 0.00
16 0.00 0.00 0.00 0.00 58.75 18.59 60.71 21.04 0.00 0.00 0.00 0.00
16 0.00 0.00 0.00 0.00 57.56 18.97 60.05 20.57 0.00 0.00 0.00 0.00
16 0.00 0.00 0.00 0.00 58.74 18.21 59.46 19.99 0.00 0.00 0.00 0.00
16 0.00 0.00 0.00 0.00 56.75 17.42 59.06 19.45 0.00 0.00 0.00 0.00
16 0.00 0.00 0.00 0.00 58.74 18.21 58.82 19.06 0.00 0.00 0.00 0.00
16 0.00 0.00 0.00 0.00 57.55 18.59 58.98 18.87 0.00 0.00 0.00 0.00
16 0.00 0.00 0.00 0.00 56.75 17.81 58.58 18.59 0.00 0.00 0.00 0.00
16 0.00 0.00 0.00 0.00 55.95 17.42 58.14 18.40 0.00 0.00 0.00 0.00
16 0.00 0.00 0.00 0.00 56.75 17.42 57.75 18.20 0.00 0.00 0.00 0.00
16 0.00 0.00 0.00 0.00 56.35 17.81 57.39 18.05 0.00 0.00 0.00 0.00
16 0.00 0.00 0.00 0.00 55.95 17.80 57.11 17.97 0.00 0.00 0.00 0.00
16 0.00 0.00 0.00 0.00 55.55 18.19 56.91 17.89 0.00 0.00 0.00 0.00
16 0.00 0.00 0.00 0.00 53.94 17.79 56.43 17.85 0.00 0.00 0.00 0.00
16 0.00 0.00 0.00 0.00 55.15 18.18 56.27 17.92 0.00 0.00 0.00 0.00
16 0.00 0.00 0.00 0.00 54.35 18.18 55.83 17.92 0.00 0.00 0.00 0.00
16 0.00 0.00 0.00 0.00 53.55 18.17 55.43 17.88 0.00 0.00 0.00 0.00
16 0.00 0.00 0.00 0.00 53.14 18.17 55.07 17.91 0.00 0.00 0.00 0.00
16 0.00 0.00 0.00 0.00 53.55 18.56 54.83 18.03 0.00 0.00 0.00 0.00
16 0.00 0.00 0.00 0.00 53.16 19.33 54.47 18.22 0.00 0.00 0.00 0.00
16 0.00 0.00 0.00 0.00 52.35 19.32 54.07 18.37 0.00 0.00 0.00 0.00
16 0.00 0.00 0.00 0.00 52.35 19.32 53.71 18.52 0.00 0.00 0.00 0.00
16 0.00 0.00 0.00 0.00 51.55 19.70 53.31 18.67 0.00 0.00 0.00 0.00
16 0.00 0.00 0.00 0.00 51.56 20.47 53.07 18.94 0.00 0.00 0.00 0.00
16 0.00 0.00 0.00 0.00 50.76 20.84 52.63 19.20 0.00 0.00 0.00 0.00
16 0.00 0.00 0.00 0.00 51.16 20.46 52.31 19.43 0.00 0.00 0.00 0.00
16 0.00 0.00 0.00 0.00 47.91 18.50 51.75 19.47 0.00 0.00 0.00 0.00
16 0.00 0.00 0.00 0.00 50.72 17.76 51.51 19.42 0.00 0.00 0.00 0.00
16 0.00 0.00 0.00 0.00 50.72 16.99 51.22 19.27 0.00 0.00 0.00 0.00
16 0.00 0.00 0.00 0.00 52.32 16.23 51.14 18.96 0.00 0.00 0.00 0.00
16 0.00 0.00 0.00 0.00 52.72 15.47 51.18 18.57 0.00 0.00 0.00 0.00
16 0.00 0.00 0.00 0.00 53.52 14.32 51.29 18.07 0.00 0.00 0.00 0.00
16 0.00 0.00 0.00 0.00 53.51 13.16 51.49 17.42 0.00 0.00 0.00 0.00
16 0.00 0.00 0.00 0.00 53.91 12.78 51.73 16.65 0.00 0.00 0.00 0.00
16 0.00 0.00 0.00 0.00 54.31 12.01 52.08 15.77 0.00 0.00 0.00 0.00
16 0.00 0.00 0.00 0.00 54.71 10.85 52.44 14.81 0.00 0.00 0.00 0.00
16 0.00 0.00 0.00 0.00 55.11 10.08 53.15 13.96 0.00 0.00 0.00 0.00
16 0.00 0.00 0.00 0.00 55.11 9.70 53.59 13.16 0.00 0.00 0.00 0.00
16 0.00 0.00 0.00 0.00 55.51 8.16 54.07 12.27 0.00 0.00 0.00 0.00
16 0.00 0.00 0.00 0.00 55.51 8.16 54.39 11.47 0.00 0.00 0.00 0.00
16 0.00 0.00 0.00 0.00 56.31 7.39 54.75 10.66 0.00 0.00 0.00 0.00
16 0.00 0.00 0.00 0.00 56.71 7.39 55.07 9.97 0.00 0.00 0.00 0.00
16 0.00 0.00 0.00 0.00 57.51 7.39 55.47 9.39 0.00 0.00 0.00 0.00
16 0.00 0.00 0.00 0.00 57.11 6.61 55.79 8.77 0.00 0.00 0.00 0.00
16 0.00 0.00 0.00 0.00 57.91 6.23 56.15 8.19 0.00 0.00 0.00 0.00
16 0.00 0.00 0.00 0.00 57.91 6.23 56.47 7.73 0.00 0.00 0.00 0.00
16 0.00 0.00 0.00 0.00 58.71 5.84 56.83 7.31 0.00 0.00 0.00 0.00
16 0.00 0.00 0.00 0.00 58.71 5.45 57.19 6.88 0.00 0.00 0.00 0.00
16 0.00 0.00 0.00 0.00 58.71 5.45 57.51 6.61 0.00 0.00 0.00 0.00
16 0.00 0.00 0.00 0.00 59.11 5.45 57.87 6.34 0.00 0.00 0.00 0.00
16 0.00 0.00 0.00 0.00 61.49 5.45 58.39 6.15 0.00 0.00 0.00 0.00
16 0.00 0.00 0.00 0.00 61.49 5.45 58.87 5.96 0.00 0.00 0.00 0.00
16 0.00 0.00 0.00 0.00 60.30 5.45 59.15 5.76 0.00 0.00 0.00 0.00
16 0.00 0.00 0.00 0.00 61.49 5.84 59.58 5.69 0.00 0.00 0.00 0.00
16 0.00 0.00 0.00 0.00 62.67 5.84 60.06 5.65 0.00 0.00 0.00 0.00
16 0.00 0.00 0.00 0.00 62.67 5.84 60.54 5.61 0.00 0.00 0.00 0.00
16 0.00 0.00 0.00 0.00 61.88 5.84 60.85 5.61 0.00 0.00 0.00 0.00
16 0.00 0.00 0.00 0.00 62.28 6.61 61.21 5.72 0.00 0.00 0.00 0.00
16 0.00 0.00 0.00 0.00 63.45 6.61 61.68 5.84 0.00 0.00 0.00 0.00
16 0.00 0.00 0.00 0.00 61.88 7.00 61.96 5.99 0.00 0.00 0.00 0.00
16 0.00 0.00 0.00 0.00 63.45 7.00 62.16 6.15 0.00 0.00 0.00 0.00
16 0.00 0.00 0.00 0.00 61.88 7.77 62.20 6.38 0.00 0.00 0.00 0.00
16 0.00 0.00 0.00 0.00 61.88 7.77 62.35 6.61 0.00 0.00 0.00 0.00
16 0.00 0.00 0.00 0.00 63.45 8.16 62.55 6.85 0.00 0.00 0.00 0.00
16 0.00 0.00 0.00 0.00 61.09 7.39 62.39 7.00 0.00 0.00 0.00 0.00
16 0.00 0.00 0.00 0.00 61.09 6.61 62.24 7.08 0.00 0.00 0.00 0.00
16 0.00 0.00 0.00 0.00 58.71 6.23 61.92 7.12 0.00 0.00 0.00 0.00
16 0.00 0.00 0.00 0.00 59.91 5.84 61.68 7.04 0.00 0.00 0.00 0.00
16 0.00 0.00 0.00 0.00 58.71 4.30 61.21 6.81 0.00 0.00 0.00 0.00
16 0.00 0.00 0.00 0.00 56.31 4.30 60.65 6.54 0.00 0.00 0.00 0.00
16 0.00 0.00 0.00 0.00 56.71 3.91 59.98 6.23 0.00 0.00 0.00 0.00
16 0.00 0.00 0.00 0.00 54.71 3.53 59.26 5.80 0.00 0.00 0.00 0.00
16 0.00 0.00 0.00 0.00 56.32 2.76 58.70 5.30 0.00 0.00 0.00 0.00
16 0.00 0.00 0.00 0.00 54.31 2.76 57.79 4.76 0.00 0.00 0.00 0.00
16 0.00 0.00 0.00 0.00 55.12 1.60 57.19 4.18 0.00 0.00 0.00 0.00
16 0.00 0.00 0.00 0.00 55.52 1.22 56.63 3.65 0.00 0.00 0.00 0.00
16 0.00 0.00 0.00 0.00 55.12 1.22 56.27 3.14 0.00 0.00 0.00 0.00
16 0.00 0.00 0.00 0.00 54.72 0.45 55.75 2.61 0.00 0.00 0.00 0.00
16 0.00 0.00 0.00 0.00 54.32 0.07 55.32 2.18 0.00 0.00 0.00 0.00
16 0.00 0.00 0.00 0.00 54.72 -0.32 55.16 1.72 0.00 0.00 0.00 0.00
16 0.00 0.00 0.00 0.00 53.92 -0.32 54.88 1.30 0.00 0.00 0.00 0.00
16 0.00 0.00 0.00 0.00 53.12 -0.70 54.72 0.87 0.00 0.00 0.00 0.00
16 0.00 0.00 0.00 0.00 53.11 -0.31 54.40 0.57 0.00 0.00 0.00 0.00
16 0.00 0.00 0.00 0.00 52.71 -0.70 54.24 0.22 0.00 0.00 0.00 0.00
16 0.00 0.00 0.00 0.00 52.31 -0.31 53.96 0.03 0.00 0.00 0.00 0.00
16 0.00 0.00 0.00 0.00 51.90 -0.31 53.60 -0.12 0.00 0.00 0.00 0.00
16 0.00 0.00 0.00 0.00 51.90 0.08 53.27 -0.24 0.00 0.00 0.00 0.00
16 0.00 0.00 0.00 0.00 51.09 0.08 52.91 -0.27 0.00 0.00 0.00 0.00
16 0.00 0.00 0.00 0.00 50.69 0.09 52.55 -0.27 0.00 0.00 0.00 0.00
16 0.00 0.00 0.00 0.00 49.88 0.09 52.06 -0.23 0.00 0.00 0.00 0.00
16 0.00 0.00 0.00 0.00 48.26 0.87 51.50 -0.11 0.00 0.00 0.00 0.00
16 0.00 0.00 0.00 0.00 48.26 0.87 51.01 0.05 0.00 0.00 0.00 0.00
16 0.00 0.00 0.00 0.00 47.46 1.26 50.45 0.20 0.00 0.00 0.00 0.00
16 0.00 0.00 0.00 0.00 47.05 1.64 49.88 0.44 0.00 0.00 0.00 0.00
16 0.00 0.00 0.00 0.00 47.45 2.41 49.40 0.71 0.00 0.00 0.00 0.00
16 0.00 0.00 0.00 0.00 47.45 2.79 48.95 1.02 0.00 0.00 0.00 0.00
16 0.00 0.00 0.00 0.00 47.04 3.56 48.46 1.37 0.00 0.00 0.00 0.00
16 0.00 0.00 0.00 0.00 47.85 3.94 48.14 1.75 0.00 0.00 0.00 0.00
16 0.00 0.00 0.00 0.00 47.04 4.71 47.77 2.21 0.00 0.00 0.00 0.00
16 0.00 0.00 0.00 0.00 47.03 5.47 47.49 2.75 0.00 0.00 0.00 0.00
16 0.00 0.00 0.00 0.00 46.23 5.85 47.29 3.25 0.00 0.00 0.00 0.00
16 0.00 0.00 0.00 0.00 45.82 6.62 47.04 3.82 0.00 0.00 0.00 0.00
16 0.00 0.00 0.00 0.00 46.63 7.38 46.96 4.44 0.00 0.00 0.00 0.00
16 0.00 0.00 0.00 0.00 46.63 8.15 46.92 5.09 0.00 0.00 0.00 0.00
16 0.00 0.00 0.00 0.00 46.63 8.15 46.83 5.66 0.00 0.00 0.00 0.00
16 0.00 0.00 0.00 0.00 47.03 8.15 46.79 6.20 0.00 0.00 0.00 0.00
16 0.00 0.00 0.00 0.00 46.23 7.76 46.71 6.62 0.00 0.00 0.00 0.00
16 0.00 0.00 0.00 0.00 46.23 7.38 46.55 6.96 0.00 0.00 0.00 0.00
16 0.00 0.00 0.00 0.00 45.02 6.62 46.35 7.15 0.00 0.00 0.00 0.00
16 0.00 0.00 0.00 0.00 43.01 6.24 45.95 7.23 0.00 0.00 0.00 0.00
16 0.00 0.00 0.00 0.00 43.41 4.72 45.66 7.12 0.00 0.00 0.00 0.00
16 0.00 0.00 0.00 0.00 43.01 4.34 45.38 6.89 0.00 0.00 0.00 0.00
16 0.00 0.00 0.00 0.00 42.62 3.19 44.98 6.47 0.00 0.00 0.00 0.00
16 0.00 0.00 0.00 0.00 42.22 2.44 44.54 5.90 0.00 0.00 0.00 0.00
16 0.00 0.00 0.00 0.00 41.43 1.68 44.02 5.25 0.00 0.00 0.00 0.00
16 0.00 0.00 0.00 0.00 40.23 1.31 43.34 4.57 0.00 0.00 0.00 0.00
16 0.00 0.00 0.00 0.00 39.44 0.55 42.66 3.85 0.00 0.00 0.00 0.00
16 0.00 0.00 0.00 0.00 38.65 0.18 41.90 3.13 0.00 0.00 0.00 0.00
16 0.00 0.00 0.00 0.00 38.26 -0.96 41.23 2.37 0.00 0.00 0.00 0.00
16 0.00 0.00 0.00 0.00 37.87 -1.33 40.71 1.61 0.00 0.00 0.00 0.00
16 0.00 0.00 0.00 0.00 36.69 -2.08 40.04 0.93 0.00 0.00 0.00 0.00
16 0.00 0.00 0.00 0.00 36.70 -2.84 39.41 0.21 0.00 0.00 0.00 0.00
16 0.00 0.00 0.00 0.00 36.32 -3.97 38.78 -0.50 0.00 0.00 0.00 0.00
16 0.00 0.00 0.00 0.00 35.53 -3.96 38.11 -1.14 0.00 0.00 0.00 0.00
16 0.00 0.00 0.00 0.00 34.74 -4.33 37.44 -1.74 0.00 0.00 0.00 0.00
16 0.00 0.00 0.00 0.00 34.75 -4.71 36.89 -2.34 0.00 0.00 0.00 0.00
16 0.00 0.00 0.00 0.00 35.14 -4.71 36.46 -2.87 0.00 0.00 0.00 0.00
16 0.00 0.00 0.00 0.00 35.14 -4.71 36.11 -3.36 0.00 0.00 0.00 0.00
16 0.00 0.00 0.00 0.00 35.14 -4.71 35.80 -3.74 0.00 0.00 0.00 0.00
16 0.00 0.00 0.00 0.00 34.75 -4.71 35.49 -4.07 0.00 0.00 0.00 0.00
16 0.00 0.00 0.00 0.00 34.76 -5.47 35.30 -4.41 0.00 0.00 0.00 0.00
16 0.00 0.00 0.00 0.00 34.76 -5.47 35.10 -4.68 0.00 0.00 0.00 0.00
16 0.00 0.00 0.00 0.00 34.77 -5.85 34.95 -4.86 0.00 0.00 0.00 0.00
16 0.00 0.00 0.00 0.00 34.77 -6.23 34.87 -5.09 0.00 0.00 0.00 0.00
16 0.00 0.00 0.00 0.00 34.77 -5.85 34.88 -5.24 0.00 0.00 0.00 0.00
16 0.00 0.00 0.00 0.00 33.59 -6.21 34.76 -5.39 0.00 0.00 0.00 0.00
16 0.00 0.00 0.00 0.00 34.38 -6.60 34.68 -5.58 0.00 0.00 0.00 0.00
16 0.00 0.00 0.00 0.00 34.38 -6.60 34.61 -5.77 0.00 0.00 0.00 0.00
16 0.00 0.00 0.00 0.00 33.61 -6.97 34.45 -6.00 0.00 0.00 0.00 0.00
16 0.00 0.00 0.00 0.00 33.21 -6.96 34.30 -6.22 0.00 0.00 0.00 0.00
16 0.00 0.00 0.00 0.00 33.21 -6.96 34.15 -6.37 0.00 0.00 0.00 0.00
16 0.00 0.00 0.00 0.00 33.61 -6.97 34.03 -6.52 0.00 0.00 0.00 0.00
16 0.00 0.00 0.00 0.00 33.21 -6.96 33.87 -6.63 0.00 0.00 0.00 0.00
16 0.00 0.00 0.00 0.00 33.23 -7.72 33.72 -6.78 0.00 0.00 0.00 0.00
16 0.00 0.00 0.00 0.00 32.44 -7.33 33.49 -6.93 0.00 0.00 0.00 0.00
16 0.00 0.00 0.00 0.00 33.61 -7.35 33.49 -7.04 0.00 0.00 0.00 0.00
16 0.00 0.00 0.00 0.00 32.83 -7.72 33.33 -7.16 0.00 0.00 0.00 0.00
16 0.00 0.00 0.00 0.00 32.44 -7.71 33.14 -7.27 0.00 0.00 0.00 0.00
16 0.00 0.00 0.00 0.00 33.62 -7.73 33.14 -7.34 0.00 0.00 0.00 0.00
16 0.00 0.00 0.00 0.00 32.05 -7.71 33.02 -7.42 0.00 0.00 0.00 0.00
16 0.00 0.00 0.00 0.00 33.23 -7.72 33.03 -7.49 0.00 0.00 0.00 0.00
16 0.00 0.00 0.00 0.00 33.22 -7.34 32.99 -7.53 0.00 0.00 0.00 0.00
16 0.00 0.00 0.00 0.00 33.62 -7.73 33.03 -7.61 0.00 0.00 0.00 0.00
16 0.00 0.00 0.00 0.00 33.23 -7.72 33.03 -7.61 0.00 0.00 0.00 0.00
16 0.00 0.00 0.00 0.00 33.23 -7.72 33.11 -7.65 0.00 0.00 0.00 0.00
16 0.00 0.00 0.00 0.00 32.83 -7.72 33.03 -7.68 0.00 0.00 0.00 0.00
16 0.00 0.00 0.00 0.00 33.23 -7.72 33.07 -7.68 0.00 0.00 0.00 0.00
16 0.00 0.00 0.00 0.00 33.22 -7.34 33.15 -7.65 0.00 0.00 0.00 0.00
16 0.00 0.00 0.00 0.00 32.83 -7.34 33.07 -7.61 0.00 0.00 0.00 0.00
16 0.00 0.00 0.00 0.00 32.83 -7.34 33.14 -7.57 0.00 0.00 0.00 0.00
16 0.00 0.00 0.00 0.00 33.61 -6.97 33.18 -7.50 0.00 0.00 0.00 0.00
16 0.00 0.00 0.00 0.00 32.83 -7.34 33.14 -7.50 0.00 0.00 0.00 0.00
16 0.00 0.00 0.00 0.00 33.22 -7.34 33.10 -7.46 0.00 0.00 0.00 0.00
16 0.00 0.00 0.00 0.00 33.22 -7.34 33.10 -7.42 0.00 0.00 0.00 0.00
16 0.00 0.00 0.00 0.00 34.01 -7.74 33.18 -7.42 0.00 0.00 0.00 0.00
16 0.00 0.00 0.00 0.00 33.61 -6.97 33.26 -7.35 0.00 0.00 0.00 0.00
16 0.00 0.00 0.00 0.00 34.00 -6.98 33.34 -7.27 0.00 0.00 0.00 0.00
16 0.00 0.00 0.00 0.00 34.39 -6.98 33.45 -7.23 0.00 0.00 0.00 0.00
16 0.00 0.00 0.00 0.00 33.61 -6.97 33.53 -7.20 0.00 0.00 0.00 0.00
16 0.00 0.00 0.00 0.00 34.39 -6.98 33.69 -7.16 0.00 0.00 0.00 0.00
16 0.00 0.00 0.00 0.00 34.77 -6.23 33.80 -7.09 0.00 0.00 0.00 0.00
16 0.00 0.00 0.00 0.00 35.17 -6.61 34.04 -7.02 0.00 0.00 0.00 0.00
16 0.00 0.00 0.00 0.00 35.16 -5.85 34.23 -6.87 0.00 0.00 0.00 0.00
16 0.00 0.00 0.00 0.00 35.55 -5.86 34.47 -6.72 0.00 0.00 0.00 0.00
16 0.00 0.00 0.00 0.00 35.56 -6.24 34.62 -6.57 0.00 0.00 0.00 0.00
16 0.00 0.00 0.00 0.00 36.34 -5.87 34.89 -6.46 0.00 0.00 0.00 0.00
16 0.00 0.00 0.00 0.00 36.34 -5.87 35.13 -6.35 0.00 0.00 0.00 0.00
16 0.00 0.00 0.00 0.00 35.94 -5.49 35.28 -6.20 0.00 0.00 0.00 0.00
16 0.00 0.00 0.00 0.00 36.34 -5.49 35.56 -6.05 0.00 0.00 0.00 0.00
16 0.00 0.00 0.00 0.00 37.52 -5.13 35.87 -5.86 0.00 0.00 0.00 0.00
16 0.00 0.00 0.00 0.00 37.91 -4.75 36.18 -5.72 0.00 0.00 0.00 0.00
16 0.00 0.00 0.00 0.00 38.30 -4.38 36.50 -5.49 0.00 0.00 0.00 0.00
16 0.00 0.00 0.00 0.00 37.50 -3.99 36.73 -5.31 0.00 0.00 0.00 0.00
16 0.00 0.00 0.00 0.00 37.51 -4.37 36.93 -5.16 0.00 0.00 0.00 0.00
16 0.00 0.00 0.00 0.00 37.51 -4.37 37.12 -4.97 0.00 0.00 0.00 0.00
16 0.00 0.00 0.00 0.00 37.11 -3.98 37.20 -4.78 0.00 0.00 0.00 0.00
16 0.00 0.00 0.00 0.00 35.93 -4.35 37.16 -4.63 0.00 0.00 0.00 0.00
16 0.00 0.00 0.00 0.00 36.72 -4.74 37.23 -4.55 0.00 0.00 0.00 0.00
16 0.00 0.00 0.00 0.00 35.54 -5.10 37.16 -4.51 0.00 0.00 0.00 0.00
16 0.00 0.00 0.00 0.00 35.14 -4.33 36.92 -4.43 0.00 0.00 0.00 0.00
16 0.00 0.00 0.00 0.00 34.75 -4.71 36.60 -4.43 0.00 0.00 0.00 0.00
16 0.00 0.00 0.00 0.00 34.75 -5.09 36.25 -4.50 0.00 0.00 0.00 0.00
16 0.00 0.00 0.00 0.00 35.15 -5.09 36.01 -4.61 0.00 0.00 0.00 0.00
16 0.00 0.00 0.00 0.00 34.36 -4.70 35.70 -4.65 0.00 0.00 0.00 0.00
16 0.00 0.00 0.00 0.00 34.37 -5.46 35.38 -4.76 0.00 0.00 0.00 0.00
16 0.00 0.00 0.00 0.00 33.97 -5.46 35.07 -4.90 0.00 0.00 0.00 0.00
16 0.00 0.00 0.00 0.00 34.76 -5.47 34.95 -5.02 0.00 0.00 0.00 0.00
16 0.00 0.00 0.00 0.00 34.76 -5.47 34.76 -5.09 0.00 0.00 0.00 0.00
16 0.00 0.00 0.00 0.00 34.37 -5.84 34.64 -5.16 0.00 0.00 0.00 0.00
16 0.00 0.00 0.00 0.00 34.77 -5.85 34.60 -5.31 0.00 0.00 0.00 0.00
16 0.00 0.00 0.00 0.00 33.98 -5.84 34.52 -5.43 0.00 0.00 0.00 0.00
16 0.00 0.00 0.00 0.00 34.38 -6.22 34.49 -5.54 0.00 0.00 0.00 0.00
16 0.00 0.00 0.00 0.00 34.38 -6.60 34.41 -5.69 0.00 0.00 0.00 0.00
16 0.00 0.00 0.00 0.00 33.21 -6.58 34.30 -5.88 0.00 0.00 0.00 0.00
16 0.00 0.00 0.00 0.00 33.60 -6.59 34.22 -5.99 0.00 0.00 0.00 0.00
16 0.00 0.00 0.00 0.00 33.61 -6.97 34.18 -6.14 0.00 0.00 0.00 0.00
16 0.00 0.00 0.00 0.00 33.60 -6.59 34.07 -6.26 0.00 0.00 0.00 0.00
16 0.00 0.00 0.00 0.00 34.00 -6.98 33.99 -6.41 0.00 0.00 0.00 0.00
16 0.00 0.00 0.00 0.00 33.21 -6.96 33.87 -6.52 0.00 0.00 0.00 0.00
16 0.00 0.00 0.00 0.00 34.00 -7.36 33.80 -6.67 0.00 0.00 0.00 0.00
16 0.00 0.00 0.00 0.00 33.22 -7.34 33.72 -6.82 0.00 0.00 0.00 0.00
16 0.00 0.00 0.00 0.00 33.61 -7.35 33.64 -6.93 0.00 0.00 0.00 0.00
16 0.00 0.00 0.00 0.00 33.22 -7.34 33.53 -7.01 0.00 0.00 0.00 0.00
16 0.00 0.00 0.00 0.00 34.01 -7.74 33.61 -7.12 0.00 0.00 0.00 0.00
16 0.00 0.00 0.00 0.00 34.00 -7.36 33.65 -7.20 0.00 0.00 0.00 0.00
16 0.00 0.00 0.00 0.00 34.00 -6.98 33.69 -7.20 0.00 0.00 0.00 0.00
16 0.00 0.00 0.00 0.00 34.40 -7.36 33.77 -7.28 0.00 0.00 0.00 0.00
16 0.00 0.00 0.00 0.00 33.61 -6.97 33.73 -7.28 0.00 0.00 0.00 0.00
16 0.00 0.00 0.00 0.00 34.78 -6.99 33.89 -7.28 0.00 0.00 0.00 0.00
16 0.00 0.00 0.00 0.00 34.38 -6.60 33.92 -7.20 0.00 0.00 0.00 0.00
16 0.00 0.00 0.00 0.00 34.38 -6.60 34.04 -7.13 0.00 0.00 0.00 0.00
16 0.00 0.00 0.00 0.00 33.59 -5.83 34.04 -6.98 0.00 0.00 0.00 0.00
16 0.00 0.00 0.00 0.00 33.98 -5.84 34.11 -6.83 0.00 0.00 0.00 0.00
16 0.00 0.00 0.00 0.00 35.16 -5.85 34.23 -6.64 0.00 0.00 0.00 0.00
16 0.00 0.00 0.00 0.00 34.76 -5.47 34.30 -6.45 0.00 0.00 0.00 0.00
16 0.00 0.00 0.00 0.00 35.15 -5.47 34.42 -6.30 0.00 0.00 0.00 0.00
16 0.00 0.00 0.00 0.00 35.54 -5.10 34.53 -6.07 0.00 0.00 0.00 0.00
16 0.00 0.00 0.00 0.00 35.14 -4.71 34.69 -5.85 0.00 0.00 0.00 0.00
16 0.00 0.00 0.00 0.00 35.54 -4.72 34.76 -5.62 0.00 0.00 0.00 0.00
16 0.00 0.00 0.00 0.00 35.53 -4.34 34.88 -5.39 0.00 0.00 0.00 0.00
16 0.00 0.00 0.00 0.00 35.93 -4.35 35.03 -5.17 0.00 0.00 0.00 0.00
16 0.00 0.00 0.00 0.00 36.32 -3.97 35.31 -4.98 0.00 0.00 0.00 0.00
16 0.00 0.00 0.00 0.00 36.71 -3.60 35.58 -4.76 0.00 0.00 0.00 0.00
16 0.00 0.00 0.00 0.00 37.10 -3.60 35.77 -4.53 0.00 0.00 0.00 0.00
16 0.00 0.00 0.00 0.00 37.48 -2.47 36.04 -4.23 0.00 0.00 0.00 0.00
16 0.00 0.00 0.00 0.00 37.08 -1.70 36.24 -3.86 0.00 0.00 0.00 0.00
16 0.00 0.00 0.00 0.00 37.86 -0.95 36.47 -3.44 0.00 0.00 0.00 0.00
16 0.00 0.00 0.00 0.00 38.26 -1.33 36.78 -3.10 0.00 0.00 0.00 0.00
16 0.00 0.00 0.00 0.00 38.65 -0.58 37.09 -2.69 0.00 0.00 0.00 0.00
16 0.00 0.00 0.00 0.00 39.05 -0.58 37.45 -2.31 0.00 0.00 0.00 0.00
16 0.00 0.00 0.00 0.00 39.84 0.17 37.84 -1.86 0.00 0.00 0.00 0.00
16 0.00 0.00 0.00 0.00 40.64 0.16 38.27 -1.45 0.00 0.00 0.00 0.00
16 0.00 0.00 0.00 0.00 41.04 0.54 38.70 -1.03 0.00 0.00 0.00 0.00
16 0.00 0.00 0.00 0.00 42.23 1.29 39.21 -0.54 0.00 0.00 0.00 0.00
16 0.00 0.00 0.00 0.00 41.83 1.68 39.65 -0.13 0.00 0.00 0.00 0.00
16 0.00 0.00 0.00 0.00 42.62 2.05 40.20 0.24 0.00 0.00 0.00 0.00
16 0.00 0.00 0.00 0.00 43.42 2.43 40.76 0.58 0.00 0.00 0.00 0.00
16 0.00 0.00 0.00 0.00 43.82 2.81 41.32 1.00 0.00 0.00 0.00 0.00
16 0.00 0.00 0.00 0.00 44.62 3.57 41.91 1.41 0.00 0.00 0.00 0.00
16 0.00 0.00 0.00 0.00 45.43 3.95 42.55 1.86 0.00 0.00 0.00 0.00
16 0.00 0.00 0.00 0.00 45.02 5.09 43.07 2.36 0.00 0.00 0.00 0.00
16 0.00 0.00 0.00 0.00 46.23 5.47 43.63 2.89 0.00 0.00 0.00 0.00
16 0.00 0.00 0.00 0.00 46.23 6.24 44.15 3.46 0.00 0.00 0.00 0.00
16 0.00 0.00 0.00 0.00 47.03 7.00 44.63 4.03 0.00 0.00 0.00 0.00
16 0.00 0.00 0.00 0.00 47.03 7.76 45.15 4.64 0.00 0.00 0.00 0.00
16 0.00 0.00 0.00 0.00 48.25 8.91 45.71 5.32 0.00 0.00 0.00 0.00
16 0.00 0.00 0.00 0.00 47.84 9.68 46.15 6.05 0.00 0.00 0.00 0.00
16 0.00 0.00 0.00 0.00 48.65 10.06 46.63 6.77 0.00 0.00 0.00 0.00
16 0.00 0.00 0.00 0.00 51.89 11.61 47.36 7.58 0.00 0.00 0.00 0.00
16 0.00 0.00 0.00 0.00 53.10 12.39 48.13 8.42 0.00 0.00 0.00 0.00
16 0.00 0.00 0.00 0.00 52.30 13.54 48.86 9.27 0.00 0.00 0.00 0.00
16 0.00 0.00 0.00 0.00 50.29 14.29 49.26 10.15 0.00 0.00 0.00 0.00
16 0.00 0.00 0.00 0.00 51.90 14.31 49.83 10.96 0.00 0.00 0.00 0.00
16 0.00 0.00 0.00 0.00 49.89 15.06 50.12 11.76 0.00 0.00 0.00 0.00
16 0.00 0.00 0.00 0.00 50.30 15.06 50.44 12.49 0.00 0.00 0.00 0.00
16 0.00 0.00 0.00 0.00 47.88 15.81 50.41 13.18 0.00 0.00 0.00 0.00
16 0.00 0.00 0.00 0.00 44.66 15.40 50.09 13.75 0.00 0.00 0.00 0.00
16 0.00 0.00 0.00 0.00 43.03 13.09 49.53 14.06 0.00 0.00 0.00 0.00
16 0.00 0.00 0.00 0.00 45.49 17.70 48.89 14.67 0.00 0.00 0.00 0.00
16 0.00 0.00 0.00 0.00 44.29 18.46 48.00 15.27 0.00 0.00 0.00 0.00
16 0.00 0.00 0.00 0.00 42.69 18.82 47.04 15.80 0.00 0.00 0.00 0.00
16 0.00 0.00 0.00 0.00 40.71 19.55 46.09 16.33 0.00 0.00 0.00 0.00
16 0.00 0.00 0.00 0.00 43.13 21.12 45.21 17.01 0.00 0.00 0.00 0.00
16 0.00 0.00 0.00 0.00 42.34 21.88 44.45 17.69 0.00 0.00 0.00 0.00
16 0.00 0.00 0.00 0.00 43.96 23.06 43.82 18.49 0.00 0.00 0.00 0.00
16 0.00 0.00 0.00 0.00 43.18 23.81 43.35 19.29 0.00 0.00 0.00 0.00
16 0.00 0.00 0.00 0.00 43.19 24.58 43.20 20.21 0.00 0.00 0.00 0.00
16 0.00 0.00 0.00 0.00 42.01 25.72 43.10 21.47 0.00 0.00 0.00 0.00
16 0.00 0.00 0.00 0.00 41.64 26.86 42.71 22.39 0.00 0.00 0.00 0.00
16 0.00 0.00 0.00 0.00 41.26 27.63 42.41 23.30 0.00 0.00 0.00 0.00
16 0.00 0.00 0.00 0.00 40.52 30.32 42.19 24.45 0.00 0.00 0.00 0.00
16 0.00 0.00 0.00 0.00 38.56 31.43 41.98 25.64 0.00 0.00 0.00 0.00
16 0.00 0.00 0.00 0.00 39.76 31.85 41.64 26.71 0.00 0.00 0.00 0.00
16 0.00 0.00 0.00 0.00 38.96 31.44 41.30 27.67 0.00 0.00 0.00 0.00
16 0.00 0.00 0.00 0.00 37.75 30.64 40.68 28.43 0.00 0.00 0.00 0.00
16 0.00 0.00 0.00 0.00 36.94 29.85 40.06 29.03 0.00 0.00 0.00 0.00
16 0.00 0.00 0.00 0.00 36.94 29.85 39.43 29.56 0.00 0.00 0.00 0.00
16 0.00 0.00 0.00 0.00 37.33 29.86 38.97 29.97 0.00 0.00 0.00 0.00
16 0.00 0.00 0.00 0.00 36.15 29.83 38.42 30.27 0.00 0.00 0.00 0.00
16 0.00 0.00 0.00 0.00 36.54 29.84 37.95 30.49 0.00 0.00 0.00 0.00
16 0.00 0.00 0.00 0.00 36.53 29.45 37.55 30.40 0.00 0.00 0.00 0.00
16 0.00 0.00 0.00 0.00 34.96 29.80 37.19 30.24 0.00 0.00 0.00 0.00
16 0.00 0.00 0.00 0.00 36.54 29.84 36.87 30.04 0.00 0.00 0.00 0.00
16 0.00 0.00 0.00 0.00 35.75 29.82 36.54 29.88 0.00 0.00 0.00 0.00
16 0.00 0.00 0.00 0.00 36.15 29.83 36.38 29.80 0.00 0.00 0.00 0.00
16 0.00 0.00 0.00 0.00 36.18 30.99 36.31 29.91 0.00 0.00 0.00 0.00
16 0.00 0.00 0.00 0.00 35.78 30.98 36.19 30.02 0.00 0.00 0.00 0.00
16 0.00 0.00 0.00 0.00 35.37 30.20 36.00 30.06 0.00 0.00 0.00 0.00
16 0.00 0.00 0.00 0.00 35.38 30.58 35.92 30.13 0.00 0.00 0.00 0.00
16 0.00 0.00 0.00 0.00 36.20 32.15 35.88 30.37 0.00 0.00 0.00 0.00
16 0.00 0.00 0.00 0.00 35.42 32.13 35.77 30.63 0.00 0.00 0.00 0.00
16 0.00 0.00 0.00 0.00 35.80 31.76 35.86 30.83 0.00 0.00 0.00 0.00
16 0.00 0.00 0.00 0.00 36.19 31.38 35.82 30.98 0.00 0.00 0.00 0.00
16 0.00 0.00 0.00 0.00 35.40 31.36 35.79 31.14 0.00 0.00 0.00 0.00
16 0.00 0.00 0.00 0.00 34.98 30.58 35.67 31.21 0.00 0.00 0.00 0.00
16 0.00 0.00 0.00 0.00 35.39 30.97 35.59 31.21 0.00 0.00 0.00 0.00
16 0.00 0.00 0.00 0.00 35.78 30.98 35.59 31.21 0.00 0.00 0.00 0.00
16 0.00 0.00 0.00 0.00 34.59 30.57 35.51 31.25 0.00 0.00 0.00 0.00
16 0.00 0.00 0.00 0.00 34.97 30.19 35.47 31.21 0.00 0.00 0.00 0.00
16 0.00 0.00 0.00 0.00 34.57 29.79 35.31 30.97 0.00 0.00 0.00 0.00
16 0.00 0.00 0.00 0.00 34.18 29.78 35.18 30.74 0.00 0.00 0.00 0.00
16 0.00 0.00 0.00 0.00 33.37 29.00 34.94 30.46 0.00 0.00 0.00 0.00
16 0.00 0.00 0.00 0.00 32.55 27.06 34.58 30.03 0.00 0.00 0.00 0.00
16 0.00 0.00 0.00 0.00 31.38 27.42 34.18 29.63 0.00 0.00 0.00 0.00
16 0.00 0.00 0.00 0.00 30.60 27.40 33.74 29.32 0.00 0.00 0.00 0.00
16 0.00 0.00 0.00 0.00 29.40 25.85 33.14 28.80 0.00 0.00 0.00 0.00
16 0.00 0.00 0.00 0.00 29.03 26.98 32.46 28.40 0.00 0.00 0.00 0.00
16 0.00 0.00 0.00 0.00 28.63 26.21 31.87 27.97 0.00 0.00 0.00 0.00
16 0.00 0.00 0.00 0.00 28.65 26.98 31.24 27.65 0.00 0.00 0.00 0.00
16 0.00 0.00 0.00 0.00 27.87 26.96 30.57 27.36 0.00 0.00 0.00 0.00
16 0.00 0.00 0.00 0.00 27.08 26.18 29.86 27.00 0.00 0.00 0.00 0.00
16 0.00 0.00 0.00 0.00 26.70 26.18 29.19 26.72 0.00 0.00 0.00 0.00
16 0.00 0.00 0.00 0.00 26.70 26.18 28.60 26.63 0.00 0.00 0.00 0.00
16 0.00 0.00 0.00 0.00 25.93 26.54 28.06 26.55 0.00 0.00 0.00 0.00
16 0.00 0.00 0.00 0.00 25.15 26.15 27.51 26.42 0.00 0.00 0.00 0.00
16 0.00 0.00 0.00 0.00 25.53 25.77 27.13 26.41 0.00 0.00 0.00 0.00
16 0.00 0.00 0.00 0.00 25.15 26.15 26.74 26.33 0.00 0.00 0.00 0.00
16 0.00 0.00 0.00 0.00 24.78 26.52 26.35 26.36 0.00 0.00 0.00 0.00
16 0.00 0.00 0.00 0.00 24.39 26.51 25.93 26.31 0.00 0.00 0.00 0.00
16 0.00 0.00 0.00 0.00 24.40 26.89 25.58 26.31 0.00 0.00 0.00 0.00
16 0.00 0.00 0.00 0.00 24.01 26.51 25.27 26.34 0.00 0.00 0.00 0.00
16 0.00 0.00 0.00 0.00 23.26 27.26 24.93 26.45 0.00 0.00 0.00 0.00
16 0.00 0.00 0.00 0.00 23.64 27.26 24.62 26.56 0.00 0.00 0.00 0.00
16 0.00 0.00 0.00 0.00 22.87 27.25 24.32 26.63 0.00 0.00 0.00 0.00
16 0.00 0.00 0.00 0.00 23.27 28.02 24.13 26.81 0.00 0.00 0.00 0.00
16 0.00 0.00 0.00 0.00 22.49 27.24 23.83 26.96 0.00 0.00 0.00 0.00
16 0.00 0.00 0.00 0.00 22.13 28.38 23.52 27.18 0.00 0.00 0.00 0.00
16 0.00 0.00 0.00 0.00 22.12 27.62 23.26 27.29 0.00 0.00 0.00 0.00
16 0.00 0.00 0.00 0.00 22.12 28.00 23.03 27.44 0.00 0.00 0.00 0.00
16 0.00 0.00 0.00 0.00 22.12 28.00 22.80 27.55 0.00 0.00 0.00 0.00
16 0.00 0.00 0.00 0.00 22.12 27.62 22.61 27.66 0.00 0.00 0.00 0.00
16 0.00 0.00 0.00 0.00 22.13 28.38 22.50 27.78 0.00 0.00 0.00 0.00
16 0.00 0.00 0.00 0.00 22.51 28.39 22.39 27.89 0.00 0.00 0.00 0.00
16 0.00 0.00 0.00 0.00 21.75 28.37 22.28 28.00 0.00 0.00 0.00 0.00
16 0.00 0.00 0.00 0.00 22.49 27.24 22.20 27.92 0.00 0.00 0.00 0.00
16 0.00 0.00 0.00 0.00 22.50 28.00 22.20 28.00 0.00 0.00 0.00 0.00
16 0.00 0.00 0.00 0.00 22.87 27.25 22.27 27.89 0.00 0.00 0.00 0.00
16 0.00 0.00 0.00 0.00 22.50 28.00 22.31 27.92 0.00 0.00 0.00 0.00
16 0.00 0.00 0.00 0.00 22.49 27.24 22.35 27.85 0.00 0.00 0.00 0.00
16 0.00 0.00 0.00 0.00 22.87 27.25 22.42 27.77 0.00 0.00 0.00 0.00
16 0.00 0.00 0.00 0.00 22.87 27.25 22.50 27.74 0.00 0.00 0.00 0.00
16 0.00 0.00 0.00 0.00 23.65 27.64 22.65 27.66 0.00 0.00 0.00 0.00
16 0.00 0.00 0.00 0.00 23.65 27.64 22.76 27.59 0.00 0.00 0.00 0.00
16 0.00 0.00 0.00 0.00 22.50 27.62 22.84 27.51 0.00 0.00 0.00 0.00
16 0.00 0.00 0.00 0.00 23.27 28.02 22.92 27.59 0.00 0.00 0.00 0.00
16 0.00 0.00 0.00 0.00 24.03 27.65 23.07 27.56 0.00 0.00 0.00 0.00
16 0.00 0.00 0.00 0.00 23.28 28.40 23.11 27.67 0.00 0.00 0.00 0.00
16 0.00 0.00 0.00 0.00 24.42 28.04 23.30 27.68 0.00 0.00 0.00 0.00
16 0.00 0.00 0.00 0.00 24.04 28.03 23.46 27.75 0.00 0.00 0.00 0.00
16 0.00 0.00 0.00 0.00 24.04 28.41 23.57 27.87 0.00 0.00 0.00 0.00
16 0.00 0.00 0.00 0.00 24.81 28.43 23.77 27.99 0.00 0.00 0.00 0.00
16 0.00 0.00 0.00 0.00 24.44 28.80 23.85 28.11 0.00 0.00 0.00 0.00
16 0.00 0.00 0.00 0.00 24.44 29.19 23.93 28.26 0.00 0.00 0.00 0.00
16 0.00 0.00 0.00 0.00 24.84 29.58 24.16 28.46 0.00 0.00 0.00 0.00
16 0.00 0.00 0.00 0.00 24.84 29.58 24.32 28.61 0.00 0.00 0.00 0.00
16 0.00 0.00 0.00 0.00 24.07 29.95 24.32 28.84 0.00 0.00 0.00 0.00
16 0.00 0.00 0.00 0.00 24.46 29.95 24.44 29.00 0.00 0.00 0.00 0.00
16 0.00 0.00 0.00 0.00 24.07 29.95 24.41 29.19 0.00 0.00 0.00 0.00
16 0.00 0.00 0.00 0.00 25.24 30.74 24.53 29.46 0.00 0.00 0.00 0.00
16 0.00 0.00 0.00 0.00 24.84 29.96 24.61 29.61 0.00 0.00 0.00 0.00
16 0.00 0.00 0.00 0.00 25.63 30.75 24.69 29.84 0.00 0.00 0.00 0.00
16 0.00 0.00 0.00 0.00 26.79 30.77 24.92 30.04 0.00 0.00 0.00 0.00
16 0.00 0.00 0.00 0.00 26.40 30.76 25.12 30.20 0.00 0.00 0.00 0.00
16 0.00 0.00 0.00 0.00 27.58 31.56 25.39 30.40 0.00 0.00 0.00 0.00
16 0.00 0.00 0.00 0.00 27.96 31.18 25.71 30.56 0.00 0.00 0.00 0.00
16 0.00 0.00 0.00 0.00 28.36 31.58 26.13 30.72 0.00 0.00 0.00 0.00
16 0.00 0.00 0.00 0.00 29.13 31.21 26.60 30.85 0.00 0.00 0.00 0.00
16 0.00 0.00 0.00 0.00 29.92 32.00 27.19 31.05 0.00 0.00 0.00 0.00
16 0.00 0.00 0.00 0.00 31.10 32.41 27.77 31.22 0.00 0.00 0.00 0.00
16 0.00 0.00 0.00 0.00 30.70 32.02 28.36 31.42 0.00 0.00 0.00 0.00
16 0.00 0.00 0.00 0.00 31.10 32.03 28.90 31.55 0.00 0.00 0.00 0.00
16 0.00 0.00 0.00 0.00 31.89 32.43 29.41 31.72 0.00 0.00 0.00 0.00
16 0.00 0.00 0.00 0.00 33.06 32.46 30.08 31.89 0.00 0.00 0.00 0.00
16 0.00 0.00 0.00 0.00 33.48 33.25 30.67 32.06 0.00 0.00 0.00 0.00
16 0.00 0.00 0.00 0.00 32.69 33.23 31.14 32.26 0.00 0.00 0.00 0.00
16 0.00 0.00 0.00 0.00 33.49 33.64 31.66 32.47 0.00 0.00 0.00 0.00
16 0.00 0.00 0.00 0.00 34.26 33.27 32.17 32.67 0.00 0.00 0.00 0.00
16 0.00 0.00 0.00 0.00 34.67 33.67 32.64 32.84 0.00 0.00 0.00 0.00
16 0.00 0.00 0.00 0.00 35.45 33.69 33.08 32.97 0.00 0.00 0.00 0.00
16 0.00 0.00 0.00 0.00 35.07 34.07 33.52 33.17 0.00 0.00 0.00 0.00
16 0.00 0.00 0.00 0.00 34.28 34.05 33.83 33.37 0.00 0.00 0.00 0.00
16 0.00 0.00 0.00 0.00 35.06 33.68 34.15 33.50 0.00 0.00 0.00 0.00
16 0.00 0.00 0.00 0.00 33.49 33.64 34.19 33.62 0.00 0.00 0.00 0.00
16 0.00 0.00 0.00 0.00 34.29 34.43 34.28 33.73 0.00 0.00 0.00 0.00
16 0.00 0.00 0.00 0.00 35.08 34.45 34.51 33.86 0.00 0.00 0.00 0.00
16 0.00 0.00 0.00 0.00 35.06 33.68 34.67 33.86 0.00 0.00 0.00 0.00
16 0.00 0.00 0.00 0.00 35.06 33.68 34.75 33.90 0.00 0.00 0.00 0.00
16 0.00 0.00 0.00 0.00 34.67 33.67 34.75 33.90 0.00 0.00 0.00 0.00
16 0.00 0.00 0.00 0.00 34.68 34.06 34.67 33.94 0.00 0.00 0.00 0.00
16 0.00 0.00 0.00 0.00 35.08 34.45 34.67 33.98 0.00 0.00 0.00 0.00
16 0.00 0.00 0.00 0.00 35.08 34.45 34.75 34.02 0.00 0.00 0.00 0.00
16 0.00 0.00 0.00 0.00 35.08 34.45 34.76 34.10 0.00 0.00 0.00 0.00
16 0.00 0.00 0.00 0.00 34.70 34.83 34.88 34.22 0.00 0.00 0.00 0.00
16 0.00 0.00 0.00 0.00 34.69 34.44 34.92 34.22 0.00 0.00 0.00 0.00
16 0.00 0.00 0.00 0.00 34.70 34.83 34.88 34.25 0.00 0.00 0.00 0.00
16 0.00 0.00 0.00 0.00 34.72 35.61 34.84 34.45 0.00 0.00 0.00 0.00
16 0.00 0.00 0.00 0.00 34.72 35.61 34.81 34.64 0.00 0.00 0.00 0.00
16 0.00 0.00 0.00 0.00 34.33 35.99 34.78 34.87 0.00 0.00 0.00 0.00
16 0.00 0.00 0.00 0.00 33.94 35.98 34.70 35.07 0.00 0.00 0.00 0.00
16 0.00 0.00 0.00 0.00 33.56 36.36 34.55 35.26 0.00 0.00 0.00 0.00
16 0.00 0.00 0.00 0.00 33.96 36.76 34.44 35.49 0.00 0.00 0.00 0.00
16 0.00 0.00 0.00 0.00 33.98 37.54 34.33 35.80 0.00 0.00 0.00 0.00
16 0.00 0.00 0.00 0.00 33.99 37.94 34.26 36.11 0.00 0.00 0.00 0.00
16 0.00 0.00 0.00 0.00 32.03 37.88 33.99 36.45 0.00 0.00 0.00 0.00
16 0.00 0.00 0.00 0.00 32.04 38.28 33.73 36.80 0.00 0.00 0.00 0.00
16 0.00 0.00 0.00 0.00 32.83 38.69 33.54 37.10 0.00 0.00 0.00 0.00
16 0.00 0.00 0.00 0.00 30.87 38.64 33.15 37.41 0.00 0.00 0.00 0.00
16 0.00 0.00 0.00 0.00 29.71 39.00 32.69 37.71 0.00 0.00 0.00 0.00
16 0.00 0.00 0.00 0.00 29.30 38.20 32.23 37.93 0.00 0.00 0.00 0.00
16 0.00 0.00 0.00 0.00 29.34 39.77 31.81 38.27 0.00 0.00 0.00 0.00
16 0.00 0.00 0.00 0.00 28.94 39.37 31.30 38.53 0.00 0.00 0.00 0.00
16 0.00 0.00 0.00 0.00 28.58 40.54 30.76 38.83 0.00 0.00 0.00 0.00
16 0.00 0.00 0.00 0.00 28.96 40.15 30.26 39.05 0.00 0.00 0.00 0.00
16 0.00 0.00 0.00 0.00 26.23 39.69 29.68 39.23 0.00 0.00 0.00 0.00
16 0.00 0.00 0.00 0.00 27.79 40.12 29.26 39.42 0.00 0.00 0.00 0.00
16 0.00 0.00 0.00 0.00 28.98 40.94 28.87 39.64 0.00 0.00 0.00 0.00
16 0.00 0.00 0.00 0.00 29.36 40.56 28.72 39.83 0.00 0.00 0.00 0.00
16 0.00 0.00 0.00 0.00 28.94 39.37 28.64 39.87 0.00 0.00 0.00 0.00
16 0.00 0.00 0.00 0.00 28.92 38.58 28.61 39.91 0.00 0.00 0.00 0.00
16 0.00 0.00 0.00 0.00 30.83 37.07 28.75 39.64 0.00 0.00 0.00 0.00
16 0.00 0.00 0.00 0.00 31.12 33.19 28.97 39.02 0.00 0.00 0.00 0.00
16 0.00 0.00 0.00 0.00 31.94 34.37 29.31 38.41 0.00 0.00 0.00 0.00
16 0.00 0.00 0.00 0.00 32.66 32.07 29.68 37.60 0.00 0.00 0.00 0.00
16 0.00 0.00 0.00 0.00 33.44 31.70 30.40 36.80 0.00 0.00 0.00 0.00
16 0.00 0.00 0.00 0.00 33.02 30.53 30.92 35.84 0.00 0.00 0.00 0.00
16 0.00 0.00 0.00 0.00 33.77 29.00 31.40 34.64 0.00 0.00 0.00 0.00
16 0.00 0.00 0.00 0.00 34.12 27.09 31.88 33.30 0.00 0.00 0.00 0.00
16 0.00 0.00 0.00 0.00 34.48 25.95 32.43 31.96 0.00 0.00 0.00 0.00
16 0.00 0.00 0.00 0.00 34.84 24.04 33.02 30.50 0.00 0.00 0.00 0.00
16 0.00 0.00 0.00 0.00 35.22 23.28 33.46 29.12 0.00 0.00 0.00 0.00
16 0.00 0.00 0.00 0.00 34.80 21.75 33.83 27.98 0.00 0.00 0.00 0.00
16 0.00 0.00 0.00 0.00 35.55 19.86 34.19 26.53 0.00 0.00 0.00 0.00
16 0.00 0.00 0.00 0.00 35.54 19.10 34.48 25.23 0.00 0.00 0.00 0.00
16 0.00 0.00 0.00 0.00 35.52 17.20 34.69 23.78 0.00 0.00 0.00 0.00
16 0.00 0.00 0.00 0.00 35.90 16.07 34.97 22.33 0.00 0.00 0.00 0.00
16 0.00 0.00 0.00 0.00 35.49 14.93 35.15 20.93 0.00 0.00 0.00 0.00
16 0.00 0.00 0.00 0.00 35.87 13.42 35.32 19.56 0.00 0.00 0.00 0.00
16 0.00 0.00 0.00 0.00 35.47 12.66 35.42 18.23 0.00 0.00 0.00 0.00
16 0.00 0.00 0.00 0.00 35.86 11.15 35.52 16.94 0.00 0.00 0.00 0.00
16 0.00 0.00 0.00 0.00 35.85 9.64 35.59 15.58 0.00 0.00 0.00 0.00
16 0.00 0.00 0.00 0.00 35.06 8.51 35.61 14.25 0.00 0.00 0.00 0.00
16 0.00 0.00 0.00 0.00 35.06 8.13 35.56 13.08 0.00 0.00 0.00 0.00
16 0.00 0.00 0.00 0.00 34.27 7.38 35.44 11.91 0.00 0.00 0.00 0.00
16 0.00 0.00 0.00 0.00 34.67 6.62 35.35 10.85 0.00 0.00 0.00 0.00
16 0.00 0.00 0.00 0.00 34.67 6.25 35.23 9.87 0.00 0.00 0.00 0.00
16 0.00 0.00 0.00 0.00 35.06 5.49 35.18 8.93 0.00 0.00 0.00 0.00
16 0.00 0.00 0.00 0.00 35.46 4.36 35.14 8.02 0.00 0.00 0.00 0.00
16 0.00 0.00 0.00 0.00 35.06 3.98 35.10 7.15 0.00 0.00 0.00 0.00
16 0.00 0.00 0.00 0.00 35.86 3.23 35.10 6.36 0.00 0.00 0.00 0.00
16 0.00 0.00 0.00 0.00 35.07 2.85 35.02 5.68 0.00 0.00 0.00 0.00
16 0.00 0.00 0.00 0.00 35.47 2.47 35.06 5.08 0.00 0.00 0.00 0.00
16 0.00 0.00 0.00 0.00 35.47 2.09 35.10 4.47 0.00 0.00 0.00 0.00
16 0.00 0.00 0.00 0.00 36.26 1.71 35.30 3.91 0.00 0.00 0.00 0.00
16 0.00 0.00 0.00 0.00 36.26 0.96 35.46 3.34 0.00 0.00 0.00 0.00
16 0.00 0.00 0.00 0.00 35.87 0.96 35.58 2.81 0.00 0.00 0.00 0.00
16 0.00 0.00 0.00 0.00 35.87 0.58 35.66 2.32 0.00 0.00 0.00 0.00
16 0.00 0.00 0.00 0.00 35.88 0.20 35.71 1.90 0.00 0.00 0.00 0.00
16 0.00 0.00 0.00 0.00 35.88 -0.18 35.79 1.49 0.00 0.00 0.00 0.00
16 0.00 0.00 0.00 0.00 35.49 -0.55 35.75 1.11 0.00 0.00 0.00 0.00
16 0.00 0.00 0.00 0.00 37.07 -0.56 35.95 0.77 0.00 0.00 0.00 0.00
16 0.00 0.00 0.00 0.00 36.67 -0.56 36.07 0.47 0.00 0.00 0.00 0.00
16 0.00 0.00 0.00 0.00 35.89 -0.93 36.11 0.16 0.00 0.00 0.00 0.00
16 0.00 0.00 0.00 0.00 36.68 -1.32 36.16 -0.14 0.00 0.00 0.00 0.00
16 0.00 0.00 0.00 0.00 36.28 -0.94 36.16 -0.33 0.00 0.00 0.00 0.00
16 0.00 0.00 0.00 0.00 37.08 -1.32 36.28 -0.56 0.00 0.00 0.00 0.00
16 0.00 0.00 0.00 0.00 37.08 -1.32 36.40 -0.75 0.00 0.00 0.00 0.00
16 0.00 0.00 0.00 0.00 37.08 -1.32 36.52 -0.90 0.00 0.00 0.00 0.00
16 0.00 0.00 0.00 0.00 37.47 -0.95 36.68 -0.98 0.00 0.00 0.00 0.00
16 0.00 0.00 0.00 0.00 37.47 -1.33 36.88 -1.06 0.00 0.00 0.00 0.00
16 0.00 0.00 0.00 0.00 37.46 -0.57 36.92 -1.06 0.00 0.00 0.00 0.00
16 0.00 0.00 0.00 0.00 37.47 -1.33 37.00 -1.13 0.00 0.00 0.00 0.00
16 0.00 0.00 0.00 0.00 38.26 -0.96 37.23 -1.14 0.00 0.00 0.00 0.00
16 0.00 0.00 0.00 0.00 37.47 -1.33 37.31 -1.14 0.00 0.00 0.00 0.00
16 0.00 0.00 0.00 0.00 37.86 -0.95 37.47 -1.14 0.00 0.00 0.00 0.00
16 0.00 0.00 0.00 0.00 37.86 -0.57 37.55 -1.06 0.00 0.00 0.00 0.00
16 0.00 0.00 0.00 0.00 38.26 -0.58 37.67 -0.99 0.00 0.00 0.00 0.00
16 0.00 0.00 0.00 0.00 38.65 -0.58 37.82 -0.91 0.00 0.00 0.00 0.00
16 0.00 0.00 0.00 0.00 38.65 -0.58 37.94 -0.88 0.00 0.00 0.00 0.00
16 0.00 0.00 0.00 0.00 38.65 -0.20 38.06 -0.76 0.00 0.00 0.00 0.00
16 0.00 0.00 0.00 0.00 39.44 0.17 38.26 -0.69 0.00 0.00 0.00 0.00
16 0.00 0.00 0.00 0.00 39.44 0.17 38.46 -0.54 0.00 0.00 0.00 0.00
16 0.00 0.00 0.00 0.00 39.84 0.17 38.61 -0.43 0.00 0.00 0.00 0.00
16 0.00 0.00 0.00 0.00 40.24 0.55 38.89 -0.24 0.00 0.00 0.00 0.00
16 0.00 0.00 0.00 0.00 41.03 0.92 39.21 -0.05 0.00 0.00 0.00 0.00
16 0.00 0.00 0.00 0.00 41.43 0.92 39.56 0.10 0.00 0.00 0.00 0.00
16 0.00 0.00 0.00 0.00 41.43 1.30 39.88 0.28 0.00 0.00 0.00 0.00
16 0.00 0.00 0.00 0.00 41.83 1.68 40.20 0.51 0.00 0.00 0.00 0.00
16 0.00 0.00 0.00 0.00 42.62 2.05 40.60 0.77 0.00 0.00 0.00 0.00
16 0.00 0.00 0.00 0.00 43.02 2.43 41.03 1.04 0.00 0.00 0.00 0.00
16 0.00 0.00 0.00 0.00 43.42 2.43 41.43 1.26 0.00 0.00 0.00 0.00
16 0.00 0.00 0.00 0.00 43.42 3.19 41.83 1.56 0.00 0.00 0.00 0.00
16 0.00 0.00 0.00 0.00 43.42 3.57 42.19 1.90 0.00 0.00 0.00 0.00
16 0.00 0.00 0.00 0.00 44.62 3.95 42.63 2.24 0.00 0.00 0.00 0.00
16 0.00 0.00 0.00 0.00 45.02 4.33 43.02 2.58 0.00 0.00 0.00 0.00
16 0.00 0.00 0.00 0.00 45.42 5.09 43.42 3.00 0.00 0.00 0.00 0.00
16 0.00 0.00 0.00 0.00 45.82 5.85 43.86 3.46 0.00 0.00 0.00 0.00
16 0.00 0.00 0.00 0.00 46.23 6.24 44.30 3.91 0.00 0.00 0.00 0.00
16 0.00 0.00 0.00 0.00 46.63 6.62 44.70 4.37 0.00 0.00 0.00 0.00
16 0.00 0.00 0.00 0.00 46.63 7.38 45.06 4.87 0.00 0.00 0.00 0.00
16 0.00 0.00 0.00 0.00 47.44 8.15 45.47 5.44 0.00 0.00 0.00 0.00
16 0.00 0.00 0.00 0.00 47.04 8.91 45.83 6.01 0.00 0.00 0.00 0.00
16 0.00 0.00 0.00 0.00 47.04 9.68 46.19 6.62 0.00 0.00 0.00 0.00
16 0.00 0.00 0.00 0.00 48.25 10.45 46.55 7.27 0.00 0.00 0.00 0.00
16 0.00 0.00 0.00 0.00 50.68 11.61 47.12 8.00 0.00 0.00 0.00 0.00
16 0.00 0.00 0.00 0.00 51.49 12.76 47.72 8.76 0.00 0.00 0.00 0.00
16 0.00 0.00 0.00 0.00 51.90 13.15 48.33 9.49 0.00 0.00 0.00 0.00
16 0.00 0.00 0.00 0.00 52.71 14.31 48.98 10.30 0.00 0.00 0.00 0.00
16 0.00 0.00 0.00 0.00 52.71 14.70 49.59 11.11 0.00 0.00 0.00 0.00
16 0.00 0.00 0.00 0.00 53.12 14.70 50.24 11.84 0.00 0.00 0.00 0.00
16 0.00 0.00 0.00 0.00 51.91 14.69 50.68 12.50 0.00 0.00 0.00 0.00
16 0.00 0.00 0.00 0.00 47.05 12.74 50.69 12.88 0.00 0.00 0.00 0.00
16 0.00 0.00 0.00 0.00 45.42 9.29 50.52 12.84 0.00 0.00 0.00 0.00
16 0.00 0.00 0.00 0.00 46.24 12.35 50.32 13.03 0.00 0.00 0.00 0.00
16 0.00 0.00 0.00 0.00 46.23 7.76 49.88 12.65 0.00 0.00 0.00 0.00
16 0.00 0.00 0.00 0.00 48.65 10.45 49.59 12.41 0.00 0.00 0.00 0.00
16 0.00 0.00 0.00 0.00 47.44 10.44 49.15 12.14 0.00 0.00 0.00 0.00
16 0.00 0.00 0.00 0.00 46.23 10.44 48.50 11.76 0.00 0.00 0.00 0.00
16 0.00 0.00 0.00 0.00 45.42 8.91 47.77 11.18 0.00 0.00 0.00 0.00
16 0.00 0.00 0.00 0.00 42.21 5.86 46.68 10.29 0.00 0.00 0.00 0.00
16 0.00 0.00 0.00 0.00 42.21 5.86 45.71 9.41 0.00 0.00 0.00 0.00
16 0.00 0.00 0.00 0.00 41.41 4.34 45.15 8.57 0.00 0.00 0.00 0.00
16 0.00 0.00 0.00 0.00 41.41 4.34 44.75 8.08 0.00 0.00 0.00 0.00
16 0.00 0.00 0.00 0.00 26.17 -2.35 42.74 6.61 0.00 0.00 0.00 0.00
16 0.00 0.00 0.00 0.00 24.63 -2.33 40.58 5.60 0.00 0.00 0.00 0.00
16 0.00 0.00 0.00 0.00 23.49 -2.32 38.06 4.32 0.00 0.00 0.00 0.00
16 0.00 0.00 0.00 0.00 23.11 -2.32 35.63 3.04 0.00 0.00 0.00 0.00
16 0.00 0.00 0.00 0.00 22.34 -1.19 33.24 1.88 0.00 0.00 0.00 0.00
16 0.00 0.00 0.00 0.00 22.71 -0.82 30.97 0.91 0.00 0.00 0.00 0.00
16 0.00 0.00 0.00 0.00 20.81 0.68 28.83 0.39 0.00 0.00 0.00 0.00
16 0.00 0.00 0.00 0.00 21.18 0.68 26.73 -0.13 0.00 0.00 0.00 0.00
16 0.00 0.00 0.00 0.00 20.43 -0.06 24.63 -0.57 0.00 0.00 0.00 0.00
16 0.00 0.00 0.00 0.00 20.05 0.32 22.49 -0.97 0.00 0.00 0.00 0.00
16 0.00 0.00 0.00 0.00 18.92 0.69 21.77 -0.67 0.00 0.00 0.00 0.00
16 0.00 0.00 0.00 0.00 18.16 0.70 21.12 -0.36 0.00 0.00 0.00 0.00
16 0.00 0.00 0.00 0.00 17.03 1.45 20.47 0.01 0.00 0.00 0.00 0.00
16 0.00 0.00 0.00 0.00 17.41 0.70 19.90 0.32 0.00 0.00 0.00 0.00
16 0.00 0.00 0.00 0.00 17.41 0.70 19.41 0.50 0.00 0.00 0.00 0.00
16 0.00 0.00 0.00 0.00 15.92 0.34 18.73 0.62 0.00 0.00 0.00 0.00
16 0.00 0.00 0.00 0.00 17.41 0.70 18.39 0.62 0.00 0.00 0.00 0.00
16 0.00 0.00 0.00 0.00 17.79 1.07 18.05 0.66 0.00 0.00 0.00 0.00
16 0.00 0.00 0.00 0.00 17.41 0.70 17.75 0.74 0.00 0.00 0.00 0.00
16 0.00 0.00 0.00 0.00 17.79 0.70 17.53 0.78 0.00 0.00 0.00 0.00
16 0.00 0.00 0.00 0.00 17.79 0.70 17.41 0.78 0.00 0.00 0.00 0.00
16 0.00 0.00 0.00 0.00 17.79 0.33 17.38 0.74 0.00 0.00 0.00 0.00
16 0.00 0.00 0.00 0.00 18.17 0.33 17.49 0.63 0.00 0.00 0.00 0.00
16 0.00 0.00 0.00 0.00 17.79 0.70 17.53 0.63 0.00 0.00 0.00 0.00
16 0.00 0.00 0.00 0.00 18.54 0.70 17.64 0.63 0.00 0.00 0.00 0.00
16 0.00 0.00 0.00 0.00 17.41 0.70 17.79 0.66 0.00 0.00 0.00 0.00
16 0.00 0.00 0.00 0.00 18.17 0.33 17.86 0.63 0.00 0.00 0.00 0.00
16 0.00 0.00 0.00 0.00 17.79 0.33 17.86 0.55 0.00 0.00 0.00 0.00
16 0.00 0.00 0.00 0.00 17.41 0.33 17.86 0.51 0.00 0.00 0.00 0.00
16 0.00 0.00 0.00 0.00 18.16 0.70 17.90 0.51 0.00 0.00 0.00 0.00
16 0.00 0.00 0.00 0.00 18.54 0.32 17.98 0.48 0.00 0.00 0.00 0.00
16 0.00 0.00 0.00 0.00 18.17 0.33 18.02 0.48 0.00 0.00 0.00 0.00
16 0.00 0.00 0.00 0.00 17.79 0.33 17.98 0.48 0.00 0.00 0.00 0.00
16 0.00 0.00 0.00 0.00 18.17 0.33 18.02 0.44 0.00 0.00 0.00 0.00
16 0.00 0.00 0.00 0.00 18.16 0.70 17.98 0.44 0.00 0.00 0.00 0.00
16 0.00 0.00 0.00 0.00 18.92 0.32 18.13 0.40 0.00 0.00 0.00 0.00
16 0.00 0.00 0.00 0.00 17.79 0.70 18.09 0.44 0.00 0.00 0.00 0.00
16 0.00 0.00 0.00 0.00 19.30 0.32 18.24 0.44 0.00 0.00 0.00 0.00
16 0.00 0.00 0.00 0.00 18.54 0.70 18.35 0.47 0.00 0.00 0.00 0.00
16 0.00 0.00 0.00 0.00 18.92 0.69 18.43 0.47 0.00 0.00 0.00 0.00
16 0.00 0.00 0.00 0.00 19.30 0.32 18.50 0.47 0.00 0.00 0.00 0.00
16 0.00 0.00 0.00 0.00 20.05 0.69 18.69 0.51 0.00 0.00 0.00 0.00
16 0.00 0.00 0.00 0.00 20.05 0.69 18.92 0.55 0.00 0.00 0.00 0.00
16 0.00 0.00 0.00 0.00 20.43 1.06 19.14 0.62 0.00 0.00 0.00 0.00
16 0.00 0.00 0.00 0.00 20.80 1.43 19.41 0.69 0.00 0.00 0.00 0.00
16 0.00 0.00 0.00 0.00 21.56 1.42 19.67 0.80 0.00 0.00 0.00 0.00
16 0.00 0.00 0.00 0.00 21.94 1.42 20.09 0.87 0.00 0.00 0.00 0.00
16 0.00 0.00 0.00 0.00 22.32 1.79 20.39 1.02 0.00 0.00 0.00 0.00
16 0.00 0.00 0.00 0.00 22.31 2.17 20.77 1.17 0.00 0.00 0.00 0.00
16 0.00 0.00 0.00 0.00 22.31 2.54 21.11 1.35 0.00 0.00 0.00 0.00
16 0.00 0.00 0.00 0.00 23.07 2.91 21.48 1.61 0.00 0.00 0.00 0.00
16 0.00 0.00 0.00 0.00 23.07 2.91 21.79 1.83 0.00 0.00 0.00 0.00
16 0.00 0.00 0.00 0.00 23.07 3.28 22.09 2.09 0.00 0.00 0.00 0.00
16 0.00 0.00 0.00 0.00 23.45 3.65 22.39 2.35 0.00 0.00 0.00 0.00
16 0.00 0.00 0.00 0.00 23.45 4.02 22.66 2.61 0.00 0.00 0.00 0.00
16 0.00 0.00 0.00 0.00 23.83 4.02 22.88 2.87 0.00 0.00 0.00 0.00
16 0.00 0.00 0.00 0.00 24.59 4.39 23.15 3.17 0.00 0.00 0.00 0.00
16 0.00 0.00 0.00 0.00 24.97 4.76 23.41 3.46 0.00 0.00 0.00 0.00
16 0.00 0.00 0.00 0.00 25.36 5.14 23.72 3.76 0.00 0.00 0.00 0.00
16 0.00 0.00 0.00 0.00 25.74 5.51 24.06 4.06 0.00 0.00 0.00 0.00
16 0.00 0.00 0.00 0.00 26.50 5.88 24.40 4.36 0.00 0.00 0.00 0.00
16 0.00 0.00 0.00 0.00 26.89 6.25 24.78 4.69 0.00 0.00 0.00 0.00
16 0.00 0.00 0.00 0.00 27.27 6.63 25.21 5.03 0.00 0.00 0.00 0.00
16 0.00 0.00 0.00 0.00 27.66 7.37 25.63 5.40 0.00 0.00 0.00 0.00
16 0.00 0.00 0.00 0.00 28.43 7.37 26.12 5.73 0.00 0.00 0.00 0.00
16 0.00 0.00 0.00 0.00 28.82 8.12 26.62 6.14 0.00 0.00 0.00 0.00
16 0.00 0.00 0.00 0.00 29.20 8.12 27.08 6.52 0.00 0.00 0.00 0.00
16 0.00 0.00 0.00 0.00 29.98 8.50 27.58 6.89 0.00 0.00 0.00 0.00
16 0.00 0.00 0.00 0.00 30.37 8.50 28.09 7.23 0.00 0.00 0.00 0.00
16 0.00 0.00 0.00 0.00 30.76 10.00 28.59 7.68 0.00 0.00 0.00 0.00
16 0.00 0.00 0.00 0.00 31.93 10.38 29.13 8.13 0.00 0.00 0.00 0.00
16 0.00 0.00 0.00 0.00 32.32 10.76 29.67 8.58 0.00 0.00 0.00 0.00
16 0.00 0.00 0.00 0.00 33.11 11.51 30.26 9.06 0.00 0.00 0.00 0.00
16 0.00 0.00 0.00 0.00 33.50 11.89 30.84 9.52 0.00 0.00 0.00 0.00
16 0.00 0.00 0.00 0.00 33.51 12.65 31.35 10.04 0.00 0.00 0.00 0.00
16 0.00 0.00 0.00 0.00 34.69 13.03 31.94 10.54 0.00 0.00 0.00 0.00
16 0.00 0.00 0.00 0.00 35.09 13.79 32.53 11.10 0.00 0.00 0.00 0.00
16 0.00 0.00 0.00 0.00 35.88 14.55 33.12 11.71 0.00 0.00 0.00 0.00
16 0.00 0.00 0.00 0.00 36.68 15.32 33.75 12.39 0.00 0.00 0.00 0.00
16 0.00 0.00 0.00 0.00 37.48 16.09 34.42 13.00 0.00 0.00 0.00 0.00
16 0.00 0.00 0.00 0.00 37.88 16.47 35.01 13.61 0.00 0.00 0.00 0.00
16 0.00 0.00 0.00 0.00 38.68 16.86 35.65 14.22 0.00 0.00 0.00 0.00
16 0.00 0.00 0.00 0.00 39.48 17.25 36.29 14.79 0.00 0.00 0.00 0.00
16 0.00 0.00 0.00 0.00 40.29 18.02 36.97 15.40 0.00 0.00 0.00 0.00
16 0.00 0.00 0.00 0.00 41.11 19.94 37.73 16.13 0.00 0.00 0.00 0.00
16 0.00 0.00 0.00 0.00 41.52 20.33 38.41 16.86 0.00 0.00 0.00 0.00
16 0.00 0.00 0.00 0.00 42.33 21.11 39.13 17.59 0.00 0.00 0.00 0.00
16 0.00 0.00 0.00 0.00 43.15 22.27 39.86 18.37 0.00 0.00 0.00 0.00
16 0.00 0.00 0.00 0.00 43.96 23.06 40.59 19.14 0.00 0.00 0.00 0.00
16 0.00 0.00 0.00 0.00 44.38 24.22 41.28 19.95 0.00 0.00 0.00 0.00
16 0.00 0.00 0.00 0.00 46.00 24.63 42.09 20.77 0.00 0.00 0.00 0.00
16 0.00 0.00 0.00 0.00 46.82 25.80 42.90 21.66 0.00 0.00 0.00 0.00
16 0.00 0.00 0.00 0.00 47.63 26.59 43.72 22.60 0.00 0.00 0.00 0.00
16 0.00 0.00 0.00 0.00 48.86 28.16 44.58 23.61 0.00 0.00 0.00 0.00
16 0.00 0.00 0.00 0.00 49.29 29.33 45.39 24.55 0.00 0.00 0.00 0.00
16 0.00 0.00 0.00 0.00 49.70 30.12 46.21 25.53 0.00 0.00 0.00 0.00
16 0.00 0.00 0.00 0.00 50.91 31.30 47.07 26.55 0.00 0.00 0.00 0.00
16 0.00 0.00 0.00 0.00 51.73 32.48 47.93 27.57 0.00 0.00 0.00 0.00
16 0.00 0.00 0.00 0.00 52.54 34.04 48.79 28.67 0.00 0.00 0.00 0.00
16 0.00 0.00 0.00 0.00 53.33 34.05 49.68 29.65 0.00 0.00 0.00 0.00
16 0.00 0.00 0.00 0.00 53.74 35.61 50.46 30.75 0.00 0.00 0.00 0.00
16 0.00 0.00 0.00 0.00 54.54 36.78 51.23 31.85 0.00 0.00 0.00 0.00
16 0.00 0.00 0.00 0.00 55.72 38.73 52.04 33.06 0.00 0.00 0.00 0.00
16 0.00 0.00 0.00 0.00 55.72 39.12 52.72 34.16 0.00 0.00 0.00 0.00
16 0.00 0.00 0.00 0.00 56.11 39.89 53.40 35.21 0.00 0.00 0.00 0.00
16 0.00 0.00 0.00 0.00 38.24 11.92 52.26 33.39 0.00 0.00 0.00 0.00
16 0.00 0.00 0.00 0.00 41.02 11.18 51.27 31.38 0.00 0.00 0.00 0.00
16 0.00 0.00 0.00 0.00 43.11 19.59 50.41 30.09 0.00 0.00 0.00 0.00
16 0.00 0.00 0.00 0.00 47.15 21.57 49.87 28.84 0.00 0.00 0.00 0.00
16 0.00 0.00 0.00 0.00 46.71 18.87 49.20 27.33 0.00 0.00 0.00 0.00
16 0.00 0.00 0.00 0.00 45.10 18.47 48.34 25.61 0.00 0.00 0.00 0.00
16 0.00 0.00 0.00 0.00 59.20 33.31 48.81 25.26 0.00 0.00 0.00 0.00
16 0.00 0.00 0.00 0.00 41.41 5.48 47.38 21.94 0.00 0.00 0.00 0.00
16 0.00 0.00 0.00 0.00 47.11 18.49 46.51 19.88 0.00 0.00 0.00 0.00
16 0.00 0.00 0.00 0.00 45.47 15.79 45.45 17.47 0.00 0.00 0.00 0.00
16 0.00 0.00 0.00 0.00 41.41 5.86 45.77 16.86 0.00 0.00 0.00 0.00
16 0.00 0.00 0.00 0.00 41.02 3.58 45.77 16.10 0.00 0.00 0.00 0.00
16 0.00 0.00 0.00 0.00 41.01 3.96 45.56 14.54 0.00 0.00 0.00 0.00
16 0.00 0.00 0.00 0.00 41.01 3.96 44.94 12.78 0.00 0.00 0.00 0.00
