#Task Selector: 5
#PID Parameters: kp: 0.03, kd: 0.04, ki: 0.01
#n_pos: 10
#n_vel: 10
t x_ref y_ref vx_ref vy_ref x_raw y_raw x y vx_raw vy_raw vx vy
0.02 0.00 0.00 0.00 0.00 22.13 -7.64 2.21 -0.76 138.31 -47.78 13.83 -4.78
0.03 0.00 0.00 0.00 0.00 22.12 -6.54 4.42 -1.42 125.70 -37.17 26.40 -8.49
0.05 0.00 0.00 0.00 0.00 22.13 -7.64 6.64 -2.18 138.06 -47.69 40.21 -13.26
0.07 0.00 0.00 0.00 0.00 22.12 -6.54 8.85 -2.84 135.94 -40.20 53.80 -17.28
0.08 0.00 0.00 0.00 0.00 26.57 -7.69 11.51 -3.61 163.98 -47.48 70.20 -22.03
0.10 0.00 0.00 0.00 0.00 28.80 -7.72 14.39 -4.38 166.94 -44.76 86.89 -26.51
0.12 0.00 0.00 0.00 0.00 26.56 -6.59 17.04 -5.04 169.32 -41.99 103.83 -30.71
0.13 0.00 0.00 0.00 0.00 31.03 -6.64 20.15 -5.70 187.63 -40.17 122.59 -34.72
0.15 0.00 0.00 0.00 0.00 31.03 -6.64 23.25 -6.37 195.66 -41.89 142.16 -38.91
0.16 0.00 0.00 0.00 0.00 31.03 -6.64 26.35 -7.03 190.01 -40.67 161.16 -42.98
0.18 0.00 0.00 0.00 0.00 31.03 -6.64 27.24 -6.93 55.32 6.23 152.86 -37.58
0.20 0.00 0.00 0.00 0.00 31.04 -7.75 28.13 -7.05 54.71 -7.43 145.76 -34.61
0.21 0.00 0.00 0.00 0.00 31.01 -5.53 29.02 -6.84 54.91 13.05 137.44 -28.53
0.23 0.00 0.00 0.00 0.00 30.99 -3.32 29.91 -6.52 53.53 19.43 129.20 -22.57
0.25 0.00 0.00 0.00 0.00 30.99 -3.32 30.35 -6.08 26.97 26.69 115.50 -15.15
0.26 0.00 0.00 0.00 0.00 31.03 -6.64 30.57 -5.97 13.93 6.75 100.20 -10.00
0.28 0.00 0.00 0.00 0.00 30.99 -3.32 31.02 -5.65 27.21 20.05 85.99 -3.80
0.29 0.00 0.00 0.00 0.00 30.98 -2.22 31.01 -5.20 -0.33 27.53 67.19 2.97
0.31 0.00 0.00 0.00 0.00 27.66 -5.49 30.67 -5.09 -20.74 7.07 45.55 7.87
0.33 0.00 0.00 0.00 0.00 26.52 -3.28 30.22 -4.75 -27.71 20.70 23.78 14.01
0.34 0.00 0.00 0.00 0.00 26.51 -2.17 29.77 -4.31 -27.45 27.15 15.50 16.10
0.36 0.00 0.00 0.00 0.00 22.08 -1.04 28.87 -3.63 -54.62 40.87 4.57 20.93
0.38 0.00 0.00 0.00 0.00 22.07 0.05 27.98 -3.08 -55.83 34.87 -6.51 23.11
0.39 0.00 0.00 0.00 0.00 22.08 -1.04 27.09 -2.85 -55.87 14.28 -17.45 22.60
0.41 0.00 0.00 0.00 0.00 22.08 -2.14 26.20 -2.73 -54.84 7.28 -25.63 20.65
0.42 0.00 0.00 0.00 0.00 19.87 0.07 25.08 -2.06 -68.01 40.87 -33.82 24.07
0.44 0.00 0.00 0.00 0.00 17.67 1.17 23.75 -1.61 -83.35 28.10 -44.88 24.87
0.46 0.00 0.00 0.00 0.00 17.67 0.08 22.42 -1.38 -79.55 13.71 -52.80 23.49
0.47 0.00 0.00 0.00 0.00 15.48 2.27 21.20 -0.60 -75.94 48.39 -58.32 27.62
0.49 0.00 0.00 0.00 0.00 13.29 2.27 19.88 -0.05 -79.92 33.53 -63.54 28.90
0.51 0.00 0.00 0.00 0.00 13.29 2.27 18.56 0.40 -79.73 26.84 -68.77 28.87
0.52 0.00 0.00 0.00 0.00 13.29 2.27 17.68 0.73 -55.40 20.93 -68.84 26.88
0.54 0.00 0.00 0.00 0.00 12.20 3.37 16.69 1.06 -60.62 20.35 -69.32 25.43
0.55 0.00 0.00 0.00 0.00 8.94 2.28 15.38 1.39 -81.37 20.61 -71.87 26.06
0.57 0.00 0.00 0.00 0.00 8.94 3.37 14.07 1.94 -79.31 33.26 -74.32 28.66
0.59 0.00 0.00 0.00 0.00 6.77 2.29 12.76 2.16 -80.73 13.69 -75.59 25.94
0.60 0.00 0.00 0.00 0.00 6.77 2.29 11.67 2.28 -68.87 7.07 -74.14 23.84
0.62 0.00 0.00 0.00 0.00 4.60 3.38 10.36 2.61 -80.20 20.24 -74.21 24.49
0.64 0.00 0.00 0.00 0.00 4.60 2.29 9.27 2.61 -66.34 0.13 -73.25 19.66
0.65 0.00 0.00 0.00 0.00 4.60 2.29 8.40 2.61 -53.92 0.09 -70.65 16.32
0.67 0.00 0.00 0.00 0.00 2.43 3.38 7.31 2.72 -65.89 6.69 -69.27 14.30
0.68 0.00 0.00 0.00 0.00 2.43 2.29 6.23 2.72 -65.96 0.09 -70.32 12.22
0.70 0.00 0.00 0.00 0.00 0.26 1.20 5.03 2.51 -73.80 -13.37 -71.64 8.85
0.72 0.00 0.00 0.00 0.00 0.26 1.20 4.16 2.40 -53.88 -6.72 -68.89 6.12
0.73 0.00 0.00 0.00 0.00 0.26 2.29 3.30 2.29 -53.21 -6.63 -66.28 2.13
0.75 0.00 0.00 0.00 0.00 0.26 1.20 2.64 2.18 -43.28 -7.22 -62.54 0.04
0.76 0.00 0.00 0.00 0.00 -1.91 2.29 1.78 2.18 -53.01 0.01 -60.95 -0.67
0.78 0.00 0.00 0.00 0.00 -1.91 1.20 1.12 1.96 -38.98 -13.03 -56.83 -4.00
0.80 0.00 0.00 0.00 0.00 -1.92 0.11 0.47 1.74 -40.87 -13.67 -54.28 -5.38
0.81 0.00 0.00 0.00 0.00 -1.91 1.20 -0.18 1.64 -41.05 -6.87 -52.99 -6.07
0.83 0.00 0.00 0.00 0.00 -1.91 1.20 -0.61 1.42 -25.46 -12.77 -48.95 -8.02
0.85 0.00 0.00 0.00 0.00 -4.09 -0.98 -1.26 1.09 -41.07 -20.62 -46.46 -10.09
0.86 0.00 0.00 0.00 0.00 -1.92 0.11 -1.48 0.98 -13.35 -6.70 -40.42 -9.42
0.88 0.00 0.00 0.00 0.00 -4.09 -0.98 -1.92 0.76 -26.67 -13.40 -37.70 -10.09
0.89 0.00 0.00 0.00 0.00 -1.92 -0.98 -2.13 0.44 -13.41 -20.16 -33.72 -11.44
0.91 0.00 0.00 0.00 0.00 -4.09 -2.07 -2.57 0.11 -26.95 -20.30 -32.08 -12.75
0.93 0.00 0.00 0.00 0.00 -4.09 -2.07 -2.79 -0.33 -13.44 -26.90 -28.13 -15.44
0.94 0.00 0.00 0.00 0.00 -4.10 -3.17 -3.00 -0.76 -13.33 -26.70 -25.56 -16.81
0.96 0.00 0.00 0.00 0.00 -4.10 -3.17 -3.22 -1.09 -13.84 -20.81 -22.86 -17.52
0.98 0.00 0.00 0.00 0.00 -4.10 -3.17 -3.44 -1.53 -13.38 -26.79 -20.09 -19.52
0.99 0.00 0.00 0.00 0.00 -1.92 -4.26 -3.44 -2.07 -0.04 -33.12 -17.55 -21.55
1.01 0.00 0.00 0.00 0.00 -1.92 -4.26 -3.22 -2.40 13.34 -20.13 -12.11 -21.50
1.02 0.00 0.00 0.00 0.00 -1.92 -4.26 -3.22 -2.84 -0.04 -26.82 -10.78 -23.51
1.04 0.00 0.00 0.00 0.00 -1.92 -4.26 -3.01 -3.17 13.12 -19.80 -6.80 -24.15
1.06 0.00 0.00 0.00 0.00 -1.92 -4.26 -3.01 -3.49 -0.03 -20.83 -5.46 -24.22
1.07 0.00 0.00 0.00 0.00 -1.92 -4.26 -2.79 -3.71 13.28 -13.35 -1.44 -23.53
1.09 0.00 0.00 0.00 0.00 -1.92 -4.26 -2.57 -3.93 12.81 -12.87 1.19 -22.12
1.11 0.00 0.00 0.00 0.00 -1.92 -5.35 -2.36 -4.15 13.75 -13.83 3.90 -20.84
1.12 0.00 0.00 0.00 0.00 -1.92 -5.35 -2.14 -4.37 13.34 -13.42 6.61 -20.10
1.14 0.00 0.00 0.00 0.00 -1.92 -5.35 -1.92 -4.59 13.29 -13.37 9.28 -18.75
1.16 0.00 0.00 0.00 0.00 -1.92 -5.35 -1.92 -4.70 -0.01 -6.78 9.28 -16.12
1.17 0.00 0.00 0.00 0.00 0.25 -5.35 -1.70 -4.80 12.87 -6.47 9.24 -14.75
1.19 0.00 0.00 0.00 0.00 0.25 -5.35 -1.49 -4.91 14.11 -7.09 10.65 -12.78
1.20 0.00 0.00 0.00 0.00 0.25 -5.35 -1.27 -5.02 13.39 -6.73 10.68 -11.47
1.22 0.00 0.00 0.00 0.00 0.25 -5.35 -1.05 -5.13 13.15 -6.61 12.00 -10.05
1.24 0.00 0.00 0.00 0.00 0.25 -6.45 -0.84 -5.35 13.15 -13.24 11.98 -10.04
1.25 0.00 0.00 0.00 0.00 0.25 -5.35 -0.62 -5.46 13.41 -6.74 12.04 -9.43
1.27 0.00 0.00 0.00 0.00 0.25 -6.45 -0.40 -5.57 14.03 -7.06 12.07 -8.75
1.28 0.00 0.00 0.00 0.00 0.25 -5.35 -0.18 -5.57 12.58 0.02 12.00 -7.41
1.30 0.00 0.00 0.00 0.00 0.25 -5.35 0.03 -5.57 14.12 0.02 12.08 -6.07
1.32 0.00 0.00 0.00 0.00 0.25 -6.45 0.25 -5.68 13.31 -6.69 13.41 -6.06
1.33 0.00 0.00 0.00 0.00 0.25 -5.35 0.25 -5.68 0.00 0.00 12.12 -5.41
1.35 0.00 0.00 0.00 0.00 0.25 -6.45 0.25 -5.79 -0.01 -6.56 10.71 -5.36
1.37 0.00 0.00 0.00 0.00 -0.84 -6.45 0.14 -5.90 -6.80 -6.85 8.69 -5.37
1.38 0.00 0.00 0.00 0.00 0.25 -5.35 0.14 -5.90 0.00 0.00 7.38 -4.71
1.40 0.00 0.00 0.00 0.00 -1.93 -6.45 -0.07 -5.90 -13.06 -0.02 4.76 -3.39
1.42 0.00 0.00 0.00 0.00 -0.84 -6.45 -0.18 -6.01 -6.67 -6.72 2.75 -3.39
1.43 0.00 0.00 0.00 0.00 0.25 -5.35 -0.18 -5.90 0.01 6.54 1.35 -2.03
1.45 0.00 0.00 0.00 0.00 -1.92 -5.35 -0.40 -5.90 -14.07 -0.02 -1.32 -2.03
1.46 0.00 0.00 0.00 0.00 -1.93 -6.45 -0.62 -6.01 -13.35 -6.74 -4.06 -2.71
1.48 0.00 0.00 0.00 0.00 -0.84 -5.35 -0.73 -5.90 -6.40 6.45 -6.03 -1.39
1.50 0.00 0.00 0.00 0.00 -1.92 -5.35 -0.94 -5.90 -13.72 -0.02 -7.41 -1.39
1.51 0.00 0.00 0.00 0.00 -1.92 -5.35 -1.16 -5.79 -13.69 6.89 -8.78 -0.05
1.53 0.00 0.00 0.00 0.00 -1.93 -6.45 -1.27 -5.79 -6.78 -0.01 -8.77 0.64
1.54 0.00 0.00 0.00 0.00 -1.92 -5.35 -1.49 -5.79 -13.24 -0.02 -10.10 0.63
1.56 0.00 0.00 0.00 0.00 -1.92 -5.35 -1.49 -5.68 0.01 6.74 -8.79 1.31
1.58 0.00 0.00 0.00 0.00 -1.92 -5.35 -1.60 -5.57 -6.66 6.71 -8.79 2.65
1.59 0.00 0.00 0.00 0.00 -1.92 -5.35 -1.81 -5.57 -13.58 -0.02 -10.15 2.00
1.61 0.00 0.00 0.00 0.00 -1.92 -5.35 -1.81 -5.57 0.00 0.00 -8.74 2.00
1.63 0.00 0.00 0.00 0.00 -4.10 -5.36 -2.03 -5.46 -13.72 6.89 -8.78 3.36
1.64 0.00 0.00 0.00 0.00 -4.10 -6.45 -2.36 -5.57 -20.04 -6.77 -10.14 2.04
1.66 0.00 0.00 0.00 0.00 -1.92 -5.35 -2.36 -5.57 0.00 0.00 -8.77 2.04
1.67 0.00 0.00 0.00 0.00 -1.92 -5.35 -2.36 -5.57 0.00 0.00 -7.40 1.35
1.69 0.00 0.00 0.00 0.00 -1.92 -5.35 -2.36 -5.46 0.01 6.82 -6.72 2.04
1.71 0.00 0.00 0.00 0.00 -1.92 -5.35 -2.36 -5.46 0.00 0.00 -5.40 2.04
1.72 0.00 0.00 0.00 0.00 -4.10 -5.36 -2.58 -5.46 -13.63 -0.03 -6.76 1.36
1.74 0.00 0.00 0.00 0.00 -4.10 -5.36 -2.79 -5.46 -13.61 -0.03 -7.46 0.69
1.76 0.00 0.00 0.00 0.00 -1.92 -5.35 -2.79 -5.46 0.00 0.00 -6.10 0.69
1.77 0.00 0.00 0.00 0.00 -1.92 -5.35 -2.79 -5.46 -0.00 0.00 -6.10 0.69
1.79 0.00 0.00 0.00 0.00 -1.92 -5.35 -2.58 -5.46 12.70 0.03 -3.46 0.00
1.80 0.00 0.00 0.00 0.00 -1.92 -5.35 -2.36 -5.35 14.03 7.09 -0.05 1.39
1.82 0.00 0.00 0.00 0.00 -1.92 -5.35 -2.36 -5.35 0.00 0.00 -0.05 1.39
1.84 0.00 0.00 0.00 0.00 -1.93 -6.45 -2.36 -5.46 -0.01 -6.73 -0.05 0.71
1.85 0.00 0.00 0.00 0.00 -1.92 -5.35 -2.36 -5.46 -0.00 0.00 -0.05 0.03
1.87 0.00 0.00 0.00 0.00 -1.92 -4.26 -2.36 -5.35 0.01 6.52 -0.05 0.68
1.89 0.00 0.00 0.00 0.00 -4.10 -5.36 -2.36 -5.35 0.00 0.00 1.31 0.69
1.90 0.00 0.00 0.00 0.00 -4.10 -5.36 -2.36 -5.35 0.00 0.00 2.67 0.69
1.92 0.00 0.00 0.00 0.00 -4.10 -3.17 -2.58 -5.14 -13.47 13.55 1.33 2.05
1.93 0.00 0.00 0.00 0.00 -1.92 -4.26 -2.58 -5.03 0.01 6.95 1.33 2.74
1.95 0.00 0.00 0.00 0.00 -1.92 -4.26 -2.58 -4.92 0.01 6.75 0.06 3.41
1.97 0.00 0.00 0.00 0.00 -1.92 -4.26 -2.58 -4.81 0.01 6.67 -1.34 3.37
1.98 0.00 0.00 0.00 0.00 -1.92 -5.35 -2.58 -4.81 0.00 0.00 -1.34 3.37
2.00 0.00 0.00 0.00 0.00 -1.92 -5.35 -2.58 -4.70 0.01 6.71 -1.34 4.71
2.02 0.00 0.00 0.00 0.00 -1.93 -6.45 -2.58 -4.81 -0.01 -6.76 -1.34 4.04
2.03 0.00 0.00 0.00 0.00 -1.92 -5.35 -2.58 -4.92 -0.01 -6.40 -1.34 2.75
2.05 0.00 0.00 0.00 0.00 -0.83 -4.26 -2.25 -4.81 20.46 6.90 0.70 3.44
2.06 0.00 0.00 0.00 0.00 -1.92 -4.26 -2.03 -4.70 13.68 6.91 2.07 4.13
2.08 0.00 0.00 0.00 0.00 -1.92 -4.26 -1.81 -4.81 13.48 -6.76 4.77 2.10
2.10 0.00 0.00 0.00 0.00 -1.92 -5.35 -1.81 -4.91 -0.01 -6.58 4.76 0.74
2.11 0.00 0.00 0.00 0.00 -1.92 -4.26 -1.81 -4.91 0.00 -0.00 4.76 0.07
2.13 0.00 0.00 0.00 0.00 -4.10 -6.45 -2.03 -5.13 -13.31 -13.40 3.43 -1.94
2.15 0.00 0.00 0.00 0.00 -1.93 -6.45 -2.03 -5.24 -0.01 -6.73 3.43 -2.61
2.16 0.00 0.00 0.00 0.00 -1.92 -5.35 -2.03 -5.24 0.00 0.00 3.43 -3.28
2.18 0.00 0.00 0.00 0.00 -3.01 -6.45 -2.14 -5.24 -6.83 -0.01 2.75 -2.61
2.19 0.00 0.00 0.00 0.00 -1.92 -5.35 -2.14 -5.24 0.00 0.00 2.75 -1.97
2.21 0.00 0.00 0.00 0.00 -3.01 -5.35 -2.36 -5.35 -13.40 -6.76 -0.64 -3.33
2.23 0.00 0.00 0.00 0.00 -1.92 -4.26 -2.36 -5.35 0.00 0.00 -2.01 -4.02
2.24 0.00 0.00 0.00 0.00 -1.92 -4.26 -2.36 -5.35 0.00 0.00 -3.36 -3.35
2.26 0.00 0.00 0.00 0.00 -1.93 -6.45 -2.36 -5.46 -0.01 -6.70 -3.36 -3.36
2.28 0.00 0.00 0.00 0.00 -1.93 -6.45 -2.36 -5.68 -0.02 -13.34 -3.36 -4.69
2.29 0.00 0.00 0.00 0.00 -1.92 -5.35 -2.14 -5.57 13.49 6.82 -0.68 -2.67
2.31 0.00 0.00 0.00 0.00 -1.93 -6.45 -2.14 -5.57 0.00 0.00 -0.68 -2.00
2.32 0.00 0.00 0.00 0.00 -1.92 -5.35 -2.14 -5.57 0.00 0.00 -0.68 -2.00
2.34 0.00 0.00 0.00 0.00 -1.93 -6.45 -2.03 -5.57 6.79 0.01 0.68 -2.00
2.36 0.00 0.00 0.00 0.00 -1.92 -4.26 -2.03 -5.46 0.01 6.76 0.69 -1.32
2.37 0.00 0.00 0.00 0.00 -1.92 -5.35 -1.92 -5.46 6.61 0.01 2.69 -0.64
2.39 0.00 0.00 0.00 0.00 -1.92 -5.35 -1.92 -5.57 -0.01 -6.69 2.69 -1.31
2.41 0.00 0.00 0.00 0.00 -1.92 -5.35 -1.92 -5.68 -0.01 -6.90 2.68 -2.00
2.42 0.00 0.00 0.00 0.00 -1.92 -3.16 -1.92 -5.35 0.03 19.97 2.69 0.66
2.44 0.00 0.00 0.00 0.00 -1.92 -3.16 -1.92 -5.02 0.03 20.14 2.69 4.01
2.45 0.00 0.00 0.00 0.00 -1.92 -5.35 -1.92 -5.02 0.00 0.00 1.35 3.33
2.47 0.00 0.00 0.00 0.00 -1.92 -5.35 -1.92 -4.92 0.01 6.70 1.35 4.00
2.49 0.00 0.00 0.00 0.00 -1.92 -5.35 -1.92 -4.92 -0.00 0.00 1.35 4.00
2.50 0.00 0.00 0.00 0.00 -1.92 -5.35 -1.92 -4.81 0.01 6.79 0.67 4.68
2.52 0.00 0.00 0.00 0.00 -1.92 -3.16 -1.92 -4.70 0.01 6.61 0.67 4.66
2.54 0.00 0.00 0.00 0.00 -1.92 -5.35 -1.92 -4.70 0.00 0.00 0.01 4.66
2.55 0.00 0.00 0.00 0.00 -1.92 -4.26 -1.92 -4.59 0.01 6.79 0.01 6.01
2.57 0.00 0.00 0.00 0.00 -0.84 -6.45 -1.81 -4.70 6.68 -6.73 0.68 6.03
2.58 0.00 0.00 0.00 0.00 -3.01 -4.26 -1.92 -4.81 -6.47 -6.51 0.03 3.38
2.60 0.00 0.00 0.00 0.00 -1.92 -5.35 -1.92 -5.02 -0.02 -14.08 0.02 -0.04
2.62 0.00 0.00 0.00 0.00 -1.92 -4.26 -1.92 -4.91 0.01 6.59 0.02 0.62
2.63 0.00 0.00 0.00 0.00 -1.92 -4.26 -1.92 -4.81 0.01 6.79 0.02 0.62
2.65 0.00 0.00 0.00 0.00 -1.92 -4.26 -1.92 -4.70 0.01 6.42 0.03 1.27
2.67 0.00 0.00 0.00 0.00 -4.10 -4.26 -2.14 -4.59 -13.87 6.96 -1.36 1.28
2.68 0.00 0.00 0.00 0.00 -1.92 -4.26 -2.14 -4.70 -0.01 -6.93 -1.36 -0.07
2.70 0.00 0.00 0.00 0.00 -1.92 -5.35 -2.14 -4.70 0.00 0.00 -1.36 -0.07
2.71 0.00 0.00 0.00 0.00 -1.92 -4.26 -2.14 -4.70 0.00 -0.00 -1.37 -0.75
2.73 0.00 0.00 0.00 0.00 -1.92 -4.26 -2.25 -4.48 -6.94 14.01 -2.73 1.32
2.75 0.00 0.00 0.00 0.00 -4.10 -4.26 -2.36 -4.48 -7.09 -0.02 -2.79 1.97
2.76 0.00 0.00 0.00 0.00 -1.92 -4.26 -2.36 -4.37 0.01 6.75 -2.79 4.06
2.78 0.00 0.00 0.00 0.00 -4.10 -4.26 -2.57 -4.37 -13.34 -0.03 -4.12 3.40
2.79 0.00 0.00 0.00 0.00 -1.92 -5.35 -2.57 -4.48 -0.01 -6.80 -4.12 2.04
2.81 0.00 0.00 0.00 0.00 -1.92 -4.26 -2.57 -4.48 0.00 -0.00 -4.13 1.39
2.83 0.00 0.00 0.00 0.00 -1.92 -5.35 -2.36 -4.59 13.34 -6.69 -1.40 0.03
2.84 0.00 0.00 0.00 0.00 -1.93 -6.45 -2.36 -4.81 -0.02 -13.33 -1.41 -0.61
2.86 0.00 0.00 0.00 0.00 -1.92 -5.35 -2.36 -4.81 0.00 0.00 -1.41 -0.61
2.88 0.00 0.00 0.00 0.00 -4.10 -5.36 -2.58 -4.92 -13.50 -6.81 -2.76 -1.29
2.89 0.00 0.00 0.00 0.00 -1.92 -4.26 -2.58 -4.92 0.00 0.00 -2.06 -2.69
2.91 0.00 0.00 0.00 0.00 -1.92 -5.35 -2.36 -5.03 13.64 -6.84 0.01 -3.38
2.92 0.00 0.00 0.00 0.00 -1.93 -6.45 -2.36 -5.24 -0.02 -13.65 0.01 -5.42
2.94 0.00 0.00 0.00 0.00 -4.10 -5.36 -2.36 -5.35 -0.02 -6.72 1.34 -6.08
2.96 0.00 0.00 0.00 0.00 -1.92 -4.26 -2.36 -5.24 0.01 6.79 1.34 -4.73
2.97 0.00 0.00 0.00 0.00 -1.92 -4.26 -2.36 -5.24 -0.00 -0.00 1.34 -4.73
2.99 0.00 0.00 0.00 0.00 -1.92 -5.35 -2.36 -5.24 0.00 0.00 0.01 -4.06
3.01 0.00 0.00 0.00 0.00 -1.93 -6.45 -2.36 -5.24 0.00 0.00 0.01 -2.72
3.02 0.00 0.00 0.00 0.00 -1.92 -4.26 -2.36 -5.13 0.01 6.71 0.01 -2.05
3.04 0.00 0.00 0.00 0.00 -1.93 -6.45 -2.14 -5.24 13.50 -6.78 2.71 -2.05
3.05 0.00 0.00 0.00 0.00 0.25 -6.45 -1.92 -5.46 13.34 -13.44 4.05 -3.39
3.07 0.00 0.00 0.00 0.00 -1.92 -5.35 -1.92 -5.46 0.00 0.00 2.68 -2.71
3.09 0.00 0.00 0.00 0.00 -1.92 -5.35 -1.92 -5.35 0.01 6.98 2.69 -0.65
3.10 0.00 0.00 0.00 0.00 -1.92 -5.35 -1.71 -5.35 13.01 0.03 3.99 0.03
3.12 0.00 0.00 0.00 0.00 -1.92 -5.35 -1.71 -5.46 -0.01 -6.79 3.99 -1.33
3.14 0.00 0.00 0.00 0.00 -1.92 -4.26 -1.71 -5.46 0.00 0.00 3.99 -1.33
3.15 0.00 0.00 0.00 0.00 -1.92 -4.26 -1.71 -5.35 0.01 6.67 3.99 -0.66
3.17 0.00 0.00 0.00 0.00 -1.92 -4.26 -1.71 -5.13 0.02 13.61 3.99 0.70
3.18 0.00 0.00 0.00 0.00 -1.92 -5.35 -1.71 -5.24 -0.01 -6.85 3.99 -0.66
3.20 0.00 0.00 0.00 0.00 -1.92 -5.35 -1.71 -5.13 0.01 6.71 2.64 0.69
3.22 0.00 0.00 0.00 0.00 -1.92 -5.35 -1.92 -5.02 -13.09 6.59 -0.01 2.69
3.23 0.00 0.00 0.00 0.00 -1.92 -4.26 -1.92 -4.91 0.01 6.89 -0.00 3.38
3.25 0.00 0.00 0.00 0.00 -1.92 -4.26 -1.92 -4.81 0.01 6.89 -0.00 3.37
3.27 0.00 0.00 0.00 0.00 -1.93 -6.45 -1.92 -4.91 -0.01 -6.67 -1.31 2.70
3.28 0.00 0.00 0.00 0.00 -4.10 -4.26 -2.14 -4.81 -12.94 6.49 -2.60 4.03
3.30 0.00 0.00 0.00 0.00 -1.92 -4.26 -2.14 -4.81 0.00 0.00 -2.60 4.03
3.31 0.00 0.00 0.00 0.00 -1.92 -5.35 -2.14 -4.92 -0.01 -6.97 -2.60 2.67
3.33 0.00 0.00 0.00 0.00 -4.10 -4.26 -2.36 -4.92 -13.05 -0.03 -3.91 1.30
3.35 0.00 0.00 0.00 0.00 -1.92 -5.35 -2.36 -4.92 0.00 0.00 -3.91 1.99
3.36 0.00 0.00 0.00 0.00 -1.92 -4.26 -2.36 -4.81 0.01 6.91 -3.91 2.01
3.38 0.00 0.00 0.00 0.00 -1.92 -4.26 -2.36 -4.70 0.01 6.81 -2.60 2.03
3.40 0.00 0.00 0.00 0.00 -1.92 -5.35 -2.36 -4.81 -0.01 -6.70 -2.60 0.67
3.41 0.00 0.00 0.00 0.00 -1.92 -5.35 -2.36 -4.92 -0.01 -6.80 -2.60 -0.69
3.43 0.00 0.00 0.00 0.00 -1.93 -6.45 -2.36 -4.92 0.00 0.00 -2.60 -0.03
3.44 0.00 0.00 0.00 0.00 -1.92 -4.26 -2.14 -4.92 13.31 0.03 0.02 -0.67
3.46 0.00 0.00 0.00 0.00 -1.93 -6.45 -2.14 -5.13 -0.02 -13.44 0.02 -2.02
3.48 0.00 0.00 0.00 0.00 -1.92 -4.26 -2.14 -5.02 0.01 6.93 0.02 -0.63
3.49 0.00 0.00 0.00 0.00 -1.92 -4.26 -1.92 -5.02 12.99 0.03 2.63 -0.62
3.51 0.00 0.00 0.00 0.00 -1.93 -6.45 -1.92 -5.13 -0.01 -6.97 2.63 -1.32
3.53 0.00 0.00 0.00 0.00 -4.10 -5.36 -2.14 -5.24 -13.21 -6.67 1.30 -2.68
3.54 0.00 0.00 0.00 0.00 -1.92 -5.35 -2.14 -5.35 -0.01 -6.49 1.30 -4.01
3.56 0.00 0.00 0.00 0.00 -4.10 -5.36 -2.36 -5.35 -13.62 -0.03 -0.06 -3.34
3.58 0.00 0.00 0.00 0.00 -1.92 -5.35 -2.36 -5.35 0.00 0.00 -0.06 -2.66
3.59 0.00 0.00 0.00 0.00 -4.10 -4.26 -2.58 -5.14 -13.42 13.52 -1.40 -1.31
3.61 0.00 0.00 0.00 0.00 -4.10 -4.26 -2.79 -5.14 -13.74 -0.03 -4.10 -1.32
3.62 0.00 0.00 0.00 0.00 -1.92 -5.35 -2.79 -5.03 0.01 6.65 -4.10 0.69
3.64 0.00 0.00 0.00 0.00 -4.10 -5.36 -3.01 -5.14 -13.24 -6.69 -5.43 -0.67
3.66 0.00 0.00 0.00 0.00 -4.10 -5.36 -3.23 -5.25 -13.60 -6.87 -8.09 -1.36
3.67 0.00 0.00 0.00 0.00 -4.10 -6.45 -3.45 -5.25 -13.42 -0.03 -9.43 -0.66
3.69 0.00 0.00 0.00 0.00 -1.92 -5.35 -3.23 -5.25 13.14 0.03 -6.79 0.01
3.70 0.00 0.00 0.00 0.00 -1.92 -5.35 -3.23 -5.25 0.00 0.00 -6.79 0.66
3.72 0.00 0.00 0.00 0.00 -1.92 -5.35 -3.01 -5.25 13.38 0.03 -4.09 0.66
3.74 0.00 0.00 0.00 0.00 -4.10 -5.36 -3.23 -5.25 -13.33 -0.03 -5.42 0.66
3.75 0.00 0.00 0.00 0.00 -1.93 -6.45 -3.01 -5.46 13.98 -14.08 -2.68 -2.10
3.77 0.00 0.00 0.00 0.00 -1.92 -5.35 -2.79 -5.57 13.71 -6.88 0.06 -2.79
3.78 0.00 0.00 0.00 0.00 -1.92 -5.35 -2.79 -5.57 0.00 0.00 0.06 -3.45
3.80 0.00 0.00 0.00 0.00 -1.92 -5.35 -2.58 -5.57 13.38 0.03 2.72 -2.78
3.82 0.00 0.00 0.00 0.00 -1.92 -5.35 -2.36 -5.57 13.36 0.03 5.42 -2.09
3.83 0.00 0.00 0.00 0.00 -1.92 -5.35 -2.14 -5.46 13.25 6.70 8.09 -1.42
3.85 0.00 0.00 0.00 0.00 -1.92 -5.35 -2.14 -5.46 0.00 0.00 6.77 -1.42
3.87 0.00 0.00 0.00 0.00 -1.92 -4.26 -2.14 -5.35 0.01 7.26 6.77 -0.69
3.88 0.00 0.00 0.00 0.00 -1.92 -5.35 -2.14 -5.35 0.00 0.00 5.44 -0.70
3.90 0.00 0.00 0.00 0.00 -1.92 -5.35 -1.92 -5.35 13.47 0.03 8.12 -0.69
3.92 0.00 0.00 0.00 0.00 -1.92 -5.35 -1.92 -5.24 0.01 6.85 6.72 1.40
3.93 0.00 0.00 0.00 0.00 -1.92 -4.26 -1.92 -5.13 0.01 6.71 5.35 2.76
3.95 0.00 0.00 0.00 0.00 -1.92 -4.26 -1.92 -5.02 0.01 6.70 5.35 3.43
3.96 0.00 0.00 0.00 0.00 -3.01 -4.26 -2.03 -4.91 -6.79 6.84 3.33 4.11
3.98 0.00 0.00 0.00 0.00 -1.92 -4.26 -2.03 -4.81 0.01 6.79 2.00 4.79
4.00 0.00 0.00 0.00 0.00 -1.92 -5.35 -2.03 -4.81 0.00 0.00 0.67 4.12
4.01 0.00 0.00 0.00 0.00 -1.92 -5.35 -2.03 -4.81 0.00 0.00 0.67 4.12
4.03 0.00 0.00 0.00 0.00 -4.10 -5.36 -2.25 -4.92 -13.28 -6.70 -0.66 2.72
4.05 0.00 0.00 0.00 0.00 -3.01 -5.35 -2.36 -4.92 -6.67 -0.01 -1.32 2.72
4.06 0.00 0.00 0.00 0.00 -1.92 -5.35 -2.36 -4.92 0.00 0.00 -2.67 2.72
4.08 0.00 0.00 0.00 0.00 -1.92 -4.26 -2.36 -4.81 0.01 6.44 -2.67 2.68
4.09 0.00 0.00 0.00 0.00 -1.92 -4.26 -2.36 -4.81 0.00 0.00 -2.67 2.01
4.11 0.00 0.00 0.00 0.00 -1.92 -5.35 -2.36 -4.92 -0.01 -6.68 -2.67 0.67
4.13 0.00 0.00 0.00 0.00 -1.92 -4.26 -2.25 -4.92 6.66 0.01 -1.33 -0.02
4.14 0.00 0.00 0.00 0.00 -4.10 -5.36 -2.47 -5.03 -13.65 -6.89 -2.69 -1.38
4.16 0.00 0.00 0.00 0.00 -1.92 -5.35 -2.47 -5.03 -0.00 0.00 -2.69 -1.38
4.18 0.00 0.00 0.00 0.00 -4.10 -5.36 -2.68 -5.03 -13.03 -0.03 -4.00 -1.39
4.19 0.00 0.00 0.00 0.00 -1.92 -5.35 -2.47 -5.03 13.57 0.03 -1.31 -0.71
4.21 0.00 0.00 0.00 0.00 -1.92 -5.35 -2.36 -5.03 6.62 0.01 0.02 -0.71
4.22 0.00 0.00 0.00 0.00 -1.93 -6.45 -2.36 -5.13 -0.01 -6.57 0.02 -1.37
4.24 0.00 0.00 0.00 0.00 -1.92 -5.35 -2.36 -5.24 -0.01 -7.05 0.01 -2.72
4.26 0.00 0.00 0.00 0.00 -1.92 -5.35 -2.36 -5.35 -0.01 -6.57 0.01 -3.37
4.27 0.00 0.00 0.00 0.00 -1.92 -5.35 -2.36 -5.35 -0.00 0.00 0.01 -2.71
4.29 0.00 0.00 0.00 0.00 -1.92 -5.35 -2.36 -5.46 -0.01 -6.82 -0.65 -3.39
4.31 0.00 0.00 0.00 0.00 -1.92 -5.35 -2.14 -5.46 13.19 0.03 2.03 -2.70
4.32 0.00 0.00 0.00 0.00 -1.92 -5.35 -2.14 -5.46 -0.00 0.00 2.03 -2.70
4.34 0.00 0.00 0.00 0.00 -1.92 -5.35 -1.92 -5.46 13.33 0.03 4.67 -2.69
4.35 0.00 0.00 0.00 0.00 -1.92 -5.35 -1.92 -5.46 0.00 0.00 3.31 -2.69
4.37 0.00 0.00 0.00 0.00 -4.10 -5.36 -2.14 -5.46 -13.81 -0.03 1.27 -2.70
4.39 0.00 0.00 0.00 0.00 -1.92 -5.35 -2.14 -5.35 0.01 6.72 1.27 -1.37
4.40 0.00 0.00 0.00 0.00 -4.10 -4.26 -2.36 -5.24 -13.51 6.78 -0.08 0.01
4.42 0.00 0.00 0.00 0.00 -1.92 -5.35 -2.36 -5.24 0.00 0.00 -0.08 0.67
4.44 0.00 0.00 0.00 0.00 -4.10 -4.26 -2.58 -5.14 -13.72 6.88 -1.45 1.36
4.45 0.00 0.00 0.00 0.00 -1.92 -4.26 -2.58 -5.03 0.01 6.62 -1.45 2.70
4.47 0.00 0.00 0.00 0.00 -4.10 -5.36 -2.79 -5.03 -13.32 -0.03 -4.10 2.70
4.48 0.00 0.00 0.00 0.00 -1.92 -5.35 -2.79 -5.03 0.00 0.00 -4.10 2.70
4.50 0.00 0.00 0.00 0.00 -1.92 -4.26 -2.79 -4.92 0.01 6.96 -5.43 3.39
4.52 0.00 0.00 0.00 0.00 -1.92 -5.35 -2.79 -4.92 -0.00 0.00 -5.43 3.39
4.53 0.00 0.00 0.00 0.00 -1.92 -5.35 -2.58 -4.92 12.41 0.03 -2.81 3.40
4.55 0.00 0.00 0.00 0.00 -1.92 -5.35 -2.58 -4.92 0.00 0.00 -2.81 2.72
4.57 0.00 0.00 0.00 0.00 -4.10 -4.26 -2.58 -4.92 0.00 0.00 -1.46 2.05
4.58 0.00 0.00 0.00 0.00 -1.92 -4.26 -2.58 -4.81 0.01 6.78 -1.46 2.72
4.60 0.00 0.00 0.00 0.00 -0.83 -4.26 -2.25 -4.81 20.39 0.04 1.95 2.04
4.61 0.00 0.00 0.00 0.00 -1.92 -4.26 -2.25 -4.81 -0.00 0.00 1.95 1.38
4.63 0.00 0.00 0.00 0.00 -1.92 -4.26 -2.03 -4.70 13.35 6.74 4.62 2.05
4.65 0.00 0.00 0.00 0.00 -1.92 -5.35 -2.03 -4.70 0.00 0.00 4.62 2.05
4.66 0.00 0.00 0.00 0.00 -1.92 -5.35 -2.03 -4.81 -0.01 -6.58 4.62 0.70
4.68 0.00 0.00 0.00 0.00 -1.92 -4.26 -2.03 -4.70 0.01 6.82 4.62 1.38
4.70 0.00 0.00 0.00 0.00 -1.92 -4.26 -2.03 -4.59 0.01 6.77 3.38 2.06
4.71 0.00 0.00 0.00 0.00 -1.92 -4.26 -2.03 -4.48 0.01 6.65 3.38 2.72
4.73 0.00 0.00 0.00 0.00 -1.92 -3.16 -1.81 -4.37 13.29 6.70 4.71 3.39
4.74 0.00 0.00 0.00 0.00 -1.92 -4.26 -1.81 -4.37 -0.00 0.00 4.70 2.71
4.76 0.00 0.00 0.00 0.00 -1.92 -3.16 -1.92 -4.26 -6.43 6.46 2.02 3.36
4.78 0.00 0.00 0.00 0.00 -1.92 -5.35 -1.92 -4.37 -0.01 -6.78 2.02 2.68
4.79 0.00 0.00 0.00 0.00 -1.92 -3.16 -1.92 -4.26 0.01 6.75 0.69 2.68
4.81 0.00 0.00 0.00 0.00 0.25 -4.25 -1.70 -4.15 13.56 6.84 2.04 3.36
4.82 0.00 0.00 0.00 0.00 -1.92 -4.26 -1.70 -4.04 0.01 6.62 2.05 4.68
4.84 0.00 0.00 0.00 0.00 -1.92 -3.16 -1.70 -3.93 0.01 6.91 2.05 4.69
4.86 0.00 0.00 0.00 0.00 -1.92 -4.26 -1.70 -3.93 0.00 -0.00 2.04 4.01
4.87 0.00 0.00 0.00 0.00 -1.92 -4.26 -1.70 -3.93 0.00 0.00 2.04 3.35
4.89 0.00 0.00 0.00 0.00 -1.92 -4.26 -1.70 -4.04 -0.01 -6.62 0.71 2.02
4.91 0.00 0.00 0.00 0.00 -1.92 -4.26 -1.70 -4.04 0.00 0.00 0.71 2.02
4.92 0.00 0.00 0.00 0.00 -1.92 -4.26 -1.70 -4.15 -0.01 -6.79 1.36 0.69
4.94 0.00 0.00 0.00 0.00 -0.84 -5.35 -1.60 -4.15 6.76 0.01 2.03 1.37
4.95 0.00 0.00 0.00 0.00 -1.92 -4.26 -1.60 -4.26 -0.01 -6.61 2.03 0.04
4.97 0.00 0.00 0.00 0.00 -0.83 -4.26 -1.70 -4.26 -6.61 -0.01 0.01 -0.65
4.99 0.00 0.00 0.00 0.00 -1.92 -3.16 -1.70 -4.15 0.01 6.77 0.01 -0.63
5.00 0.00 0.00 0.00 0.00 -1.92 -3.16 -1.70 -4.15 -0.00 0.00 0.01 -1.32
5.02 80.00 0.00 0.00 0.00 -1.92 -4.26 -1.70 -4.15 0.00 0.00 0.01 -1.32
5.04 80.00 0.00 0.00 0.00 -1.92 -4.26 -1.70 -4.15 0.00 0.00 0.01 -1.32
5.05 80.00 0.00 0.00 0.00 -1.92 -4.26 -1.70 -4.15 -0.00 0.00 0.01 -0.66
5.07 80.00 0.00 0.00 0.00 -1.92 -3.16 -1.70 -4.04 0.01 6.88 0.01 0.03
5.08 80.00 0.00 0.00 0.00 -1.92 -4.26 -1.70 -4.04 0.00 0.00 0.02 0.71
5.10 80.00 0.00 0.00 0.00 0.25 -4.25 -1.59 -3.93 7.03 7.08 0.04 1.41
5.12 80.00 0.00 0.00 0.00 -1.92 -3.16 -1.59 -3.82 0.01 6.99 0.05 2.77
5.13 80.00 0.00 0.00 0.00 -1.92 -4.26 -1.70 -3.82 -6.59 -0.01 0.05 2.77
5.15 80.00 0.00 0.00 0.00 -1.92 -3.16 -1.70 -3.82 0.00 0.00 0.05 2.09
5.17 80.00 0.00 0.00 0.00 -1.92 -4.26 -1.70 -3.93 -0.01 -6.70 0.05 1.42
5.18 80.00 0.00 0.00 0.00 0.25 -4.25 -1.49 -3.93 13.70 0.02 1.42 1.43
5.20 80.00 0.00 0.00 0.00 0.25 -3.16 -1.27 -3.82 13.23 6.67 2.74 2.09
5.21 80.00 0.00 0.00 0.00 2.43 -3.16 -0.83 -3.71 26.35 6.64 5.37 2.76
5.23 80.00 0.00 0.00 0.00 0.25 -4.25 -0.62 -3.82 13.64 -6.85 6.74 1.38
5.25 80.00 0.00 0.00 0.00 2.43 -3.16 -0.18 -3.71 26.18 6.60 9.35 2.04
5.26 80.00 0.00 0.00 0.00 2.43 -4.25 0.04 -3.71 13.69 0.00 10.02 1.34
5.28 80.00 0.00 0.00 0.00 2.43 -4.25 0.47 -3.82 26.28 -6.59 12.65 -0.02
5.30 80.00 0.00 0.00 0.00 4.60 -3.16 1.12 -3.71 39.92 6.70 17.30 0.65
5.31 80.00 0.00 0.00 0.00 4.60 -3.16 1.78 -3.71 40.30 0.01 21.33 0.65
5.33 80.00 0.00 0.00 0.00 4.60 -3.16 2.43 -3.60 40.20 6.75 25.35 2.00
5.34 80.00 0.00 0.00 0.00 6.78 -3.16 3.08 -3.49 40.45 6.76 28.02 2.67
5.36 80.00 0.00 0.00 0.00 8.96 -4.26 3.95 -3.60 53.64 -6.80 32.06 1.32
5.38 80.00 0.00 0.00 0.00 8.95 -2.08 4.60 -3.49 39.97 6.64 33.43 1.32
5.39 80.00 0.00 0.00 0.00 8.95 -2.08 5.47 -3.27 52.77 13.22 37.34 3.33
5.41 80.00 0.00 0.00 0.00 11.13 -3.18 6.34 -3.28 52.37 -0.10 39.96 2.66
5.43 80.00 0.00 0.00 0.00 11.13 -3.18 7.21 -3.17 55.02 6.81 44.09 3.34
5.44 80.00 0.00 0.00 0.00 13.30 -1.00 8.30 -2.84 67.11 20.09 48.18 6.01
5.46 80.00 0.00 0.00 0.00 13.31 -3.18 9.17 -2.84 53.51 -0.14 49.53 5.33
5.47 80.00 0.00 0.00 0.00 15.49 -2.10 10.26 -2.74 68.22 6.65 52.33 5.99
5.49 80.00 0.00 0.00 0.00 15.50 -3.20 11.35 -2.74 66.35 -0.20 54.94 5.29
5.51 80.00 0.00 0.00 0.00 17.68 -2.11 12.44 -2.64 66.52 6.42 57.55 5.26
5.52 80.00 0.00 0.00 0.00 17.67 0.08 13.31 -2.20 53.70 26.74 57.55 8.61
5.54 80.00 0.00 0.00 0.00 19.88 -2.12 14.41 -2.21 68.94 -0.30 60.45 7.92
5.56 80.00 0.00 0.00 0.00 19.89 -3.22 15.50 -2.32 66.48 -6.96 61.82 5.90
5.57 80.00 0.00 0.00 0.00 19.88 -2.12 16.38 -2.22 53.56 6.44 61.94 6.55
5.59 80.00 0.00 0.00 0.00 22.09 -3.24 17.47 -2.22 67.69 -0.38 63.21 5.84
5.61 80.00 0.00 0.00 0.00 24.29 -2.16 18.57 -2.34 66.99 -7.06 63.20 3.12
5.62 80.00 0.00 0.00 0.00 24.29 -2.16 19.67 -2.24 67.39 6.31 64.58 3.77
5.64 80.00 0.00 0.00 0.00 24.28 -1.06 20.55 -2.13 54.58 6.47 63.22 3.75
5.65 80.00 0.00 0.00 0.00 26.49 0.02 21.65 -1.81 67.08 19.64 63.29 5.73
5.67 80.00 0.00 0.00 0.00 28.72 0.01 22.75 -1.60 67.21 12.90 63.36 6.38
5.69 80.00 0.00 0.00 0.00 28.73 -1.09 23.85 -1.71 69.52 -7.36 64.94 2.97
5.70 80.00 0.00 0.00 0.00 30.98 -2.22 24.96 -1.72 66.73 -0.55 64.72 2.95
5.72 80.00 0.00 0.00 0.00 30.96 -1.11 26.07 -1.51 69.35 13.20 65.01 4.96
5.73 80.00 0.00 0.00 0.00 33.21 -1.14 27.41 -1.41 80.33 5.96 67.69 4.91
5.75 80.00 0.00 0.00 0.00 33.22 -2.24 28.52 -1.31 74.69 6.69 68.39 5.62
5.77 80.00 0.00 0.00 0.00 33.22 -2.24 29.41 -1.32 54.61 -0.52 67.15 6.27
5.78 80.00 0.00 0.00 0.00 33.21 -1.14 30.30 -1.22 54.28 6.21 65.84 6.26
5.80 80.00 0.00 0.00 0.00 33.22 -2.24 31.20 -1.34 55.22 -7.31 65.90 4.89
5.82 80.00 0.00 0.00 0.00 37.73 -0.08 32.32 -1.35 68.25 -0.62 66.02 2.86
5.83 80.00 0.00 0.00 0.00 37.74 -1.19 33.22 -1.47 55.84 -7.38 64.88 0.83
5.85 80.00 0.00 0.00 0.00 37.73 -0.08 34.12 -1.37 55.17 6.22 63.45 2.19
5.86 80.00 0.00 0.00 0.00 37.74 -1.19 34.80 -1.26 43.22 6.59 61.10 2.90
5.88 80.00 0.00 0.00 0.00 40.02 -0.10 35.71 -1.16 55.15 6.16 59.68 2.20
5.90 80.00 0.00 0.00 0.00 40.02 -0.10 36.39 -1.06 42.56 6.46 55.90 2.25
5.91 80.00 0.00 0.00 0.00 42.30 0.98 37.29 -0.74 53.94 19.14 53.83 3.50
5.93 80.00 0.00 0.00 0.00 42.32 -0.13 38.20 -0.53 55.38 12.86 53.90 4.83
5.94 80.00 0.00 0.00 0.00 42.32 -0.13 39.11 -0.43 57.98 6.41 54.27 4.85
5.96 80.00 0.00 0.00 0.00 42.30 0.98 40.02 -0.10 56.38 20.01 54.39 7.58
5.98 80.00 0.00 0.00 0.00 42.30 0.98 40.48 0.00 27.87 6.46 50.35 8.29
5.99 80.00 0.00 0.00 0.00 42.32 -0.13 40.94 0.11 27.44 6.33 47.51 9.66
6.01 80.00 0.00 0.00 0.00 44.62 0.96 41.62 0.21 40.95 6.14 46.09 9.65
6.03 80.00 0.00 0.00 0.00 44.63 -0.16 42.31 0.31 43.34 6.46 46.10 9.64
6.04 80.00 0.00 0.00 0.00 46.95 0.93 43.01 0.42 42.69 6.34 44.85 9.66
6.06 80.00 0.00 0.00 0.00 46.97 -0.19 43.70 0.41 43.88 -0.55 44.98 8.96
6.08 80.00 0.00 0.00 0.00 44.62 0.96 43.93 0.41 14.40 -0.16 41.03 7.03
6.09 80.00 0.00 0.00 0.00 46.95 0.93 44.40 0.51 28.33 6.46 38.33 6.39
6.11 80.00 0.00 0.00 0.00 46.95 0.93 44.86 0.62 28.87 6.59 35.41 6.41
6.12 80.00 0.00 0.00 0.00 44.63 -0.16 45.09 0.50 13.81 -6.76 31.16 3.73
6.14 80.00 0.00 0.00 0.00 46.95 0.93 45.56 0.50 29.35 -0.34 31.30 3.05
6.16 80.00 0.00 0.00 0.00 44.63 -0.16 45.79 0.50 14.16 -0.18 29.98 2.40
6.17 80.00 0.00 0.00 0.00 46.95 0.93 46.02 0.49 14.63 -0.17 27.34 1.77
6.19 80.00 0.00 0.00 0.00 46.95 0.93 46.26 0.60 14.14 6.62 24.43 1.79
6.21 80.00 0.00 0.00 0.00 46.95 0.93 46.26 0.60 0.00 0.00 20.16 1.15
6.22 80.00 0.00 0.00 0.00 44.63 -0.16 46.02 0.60 -14.55 0.19 14.31 1.23
6.24 80.00 0.00 0.00 0.00 44.63 -0.16 46.02 0.49 0.09 -6.84 12.88 0.56
6.25 80.00 0.00 0.00 0.00 46.97 -0.19 46.03 0.38 0.09 -6.94 10.06 -0.78
6.27 80.00 0.00 0.00 0.00 46.95 0.93 46.03 0.38 0.00 0.00 7.17 -1.44
6.29 80.00 0.00 0.00 0.00 46.97 -0.19 46.26 0.38 13.89 -0.18 7.18 -0.78
6.30 80.00 0.00 0.00 0.00 46.94 2.04 46.26 0.49 -0.09 7.02 4.24 -0.05
6.32 80.00 0.00 0.00 0.00 46.94 2.04 46.49 0.71 14.00 13.38 4.22 1.31
6.34 80.00 0.00 0.00 0.00 46.97 -0.19 46.49 0.60 0.09 -7.04 2.77 0.62
6.35 80.00 0.00 0.00 0.00 46.94 2.04 46.49 0.71 -0.08 6.73 1.35 0.63
6.37 80.00 0.00 0.00 0.00 46.95 0.93 46.49 0.71 0.00 0.00 1.35 0.63
6.38 80.00 0.00 0.00 0.00 46.94 2.04 46.72 0.93 14.60 13.95 4.26 2.01
6.40 80.00 0.00 0.00 0.00 46.95 0.93 46.95 1.04 14.32 6.71 5.68 3.36
6.42 80.00 0.00 0.00 0.00 46.95 0.93 46.95 1.15 -0.09 6.78 5.67 4.73
6.43 80.00 0.00 0.00 0.00 46.97 -0.19 46.95 1.04 0.09 -6.83 5.67 4.05
6.45 80.00 0.00 0.00 0.00 44.63 -0.16 46.72 1.04 -14.52 0.19 2.83 4.09
6.47 80.00 0.00 0.00 0.00 46.95 0.93 46.72 0.93 0.08 -6.95 2.85 2.69
6.48 80.00 0.00 0.00 0.00 46.95 0.93 46.72 0.82 0.08 -6.85 1.46 0.67
6.50 80.00 0.00 0.00 0.00 46.95 0.93 46.72 0.93 -0.09 6.95 1.44 2.07
6.51 80.00 0.00 0.00 0.00 46.94 2.04 46.72 0.93 -0.00 0.00 1.45 1.39
6.53 80.00 0.00 0.00 0.00 46.94 2.04 46.72 1.04 -0.09 7.14 1.44 2.11
6.55 80.00 0.00 0.00 0.00 46.97 -0.19 46.72 0.82 0.17 -13.12 -0.00 -0.60
6.56 80.00 0.00 0.00 0.00 46.95 0.93 46.72 0.82 0.00 0.00 -1.44 -1.27
6.58 80.00 0.00 0.00 0.00 46.94 2.04 46.72 0.93 -0.08 6.90 -1.44 -1.26
6.60 80.00 0.00 0.00 0.00 46.94 2.04 46.72 1.15 -0.18 14.15 -1.46 0.84
6.61 80.00 0.00 0.00 0.00 46.94 2.04 46.95 1.37 13.62 13.01 1.35 2.12
6.63 80.00 0.00 0.00 0.00 49.29 2.02 47.18 1.48 14.69 6.85 2.81 3.50
6.65 80.00 0.00 0.00 0.00 46.94 2.04 47.18 1.59 -0.08 6.95 2.79 4.88
6.66 80.00 0.00 0.00 0.00 49.29 2.02 47.41 1.70 13.61 6.34 4.16 4.82
6.68 80.00 0.00 0.00 0.00 51.66 1.99 47.88 1.70 30.39 -0.35 7.20 4.79
6.69 80.00 0.00 0.00 0.00 51.69 -0.26 48.36 1.47 29.00 -14.03 10.11 2.67
6.71 80.00 0.00 0.00 0.00 51.67 0.87 48.83 1.57 28.91 6.48 12.99 4.63
6.72 80.00 0.00 0.00 0.00 51.67 0.87 49.30 1.57 28.54 -0.37 15.84 4.59
6.74 80.00 0.00 0.00 0.00 51.67 0.87 49.78 1.45 31.90 -7.93 19.04 3.11
6.76 80.00 0.00 0.00 0.00 51.66 1.99 50.25 1.44 29.74 -0.34 22.03 1.66
6.77 80.00 0.00 0.00 0.00 51.66 1.99 50.72 1.44 29.11 -0.34 23.58 0.33
6.79 80.00 0.00 0.00 0.00 51.66 1.99 50.96 1.44 14.12 -0.17 23.52 -0.38
6.81 80.00 0.00 0.00 0.00 51.66 1.99 51.43 1.43 28.82 -0.33 26.42 -1.10
6.82 80.00 0.00 0.00 0.00 51.67 0.87 51.67 1.32 14.91 -7.19 26.55 -2.46
6.84 80.00 0.00 0.00 0.00 51.66 1.99 51.67 1.32 0.00 0.00 23.51 -2.42
6.85 80.00 0.00 0.00 0.00 54.05 1.96 51.90 1.54 14.32 13.45 22.04 0.33
6.87 80.00 0.00 0.00 0.00 54.05 1.96 52.14 1.65 14.87 6.83 20.63 0.36
6.89 80.00 0.00 0.00 0.00 51.66 1.99 52.14 1.76 -0.09 6.86 17.77 1.08
6.90 80.00 0.00 0.00 0.00 54.05 1.96 52.38 1.87 14.95 6.87 16.08 2.56
6.92 80.00 0.00 0.00 0.00 54.05 1.96 52.62 1.86 14.58 -0.18 14.56 2.58
6.94 80.00 0.00 0.00 0.00 56.47 1.93 53.10 1.86 29.38 -0.38 14.59 2.58
6.95 80.00 0.00 0.00 0.00 56.47 1.93 53.58 1.85 29.75 -0.38 16.15 2.55
6.97 80.00 0.00 0.00 0.00 56.47 1.93 54.06 1.85 27.95 -0.36 16.06 2.55
6.98 80.00 0.00 0.00 0.00 56.44 4.18 54.54 2.18 31.15 21.69 17.68 5.44
7.00 80.00 0.00 0.00 0.00 56.42 5.31 55.01 2.51 29.33 20.43 20.62 7.48
7.02 80.00 0.00 0.00 0.00 56.45 3.05 55.25 2.62 14.67 6.70 20.65 6.81
7.03 80.00 0.00 0.00 0.00 58.89 3.03 55.74 2.73 29.60 6.53 22.13 6.78
7.05 80.00 0.00 0.00 0.00 56.45 3.05 56.21 2.83 29.66 6.60 25.10 6.75
7.07 80.00 0.00 0.00 0.00 58.89 3.03 56.70 2.94 29.58 6.52 26.56 6.72
7.08 80.00 0.00 0.00 0.00 58.87 4.16 57.18 3.16 30.08 13.71 28.11 8.11
7.10 80.00 0.00 0.00 0.00 58.90 1.89 57.42 3.16 14.96 -0.20 26.67 8.12
7.11 80.00 0.00 0.00 0.00 58.87 4.16 57.67 3.38 14.89 13.78 25.19 9.54
7.13 80.00 0.00 0.00 0.00 58.87 4.16 57.91 3.60 14.86 13.76 23.88 10.95
7.15 80.00 0.00 0.00 0.00 61.34 4.13 58.40 3.60 29.68 -0.32 23.73 8.75
7.16 80.00 0.00 0.00 0.00 63.83 4.10 59.14 3.48 45.51 -7.43 25.35 5.96
7.18 80.00 0.00 0.00 0.00 61.34 4.13 59.62 3.58 30.03 6.60 26.89 5.95
7.20 80.00 0.00 0.00 0.00 63.81 5.24 60.12 3.80 29.68 13.34 26.89 6.64
7.21 80.00 0.00 0.00 0.00 61.31 6.40 60.60 4.14 27.93 19.20 26.72 7.89
7.23 80.00 0.00 0.00 0.00 63.80 6.38 61.09 4.47 33.59 22.90 27.12 9.53
7.25 80.00 0.00 0.00 0.00 63.81 5.24 61.59 4.58 28.88 6.33 27.00 8.79
7.26 80.00 0.00 0.00 0.00 63.79 7.51 62.08 5.14 30.92 35.55 28.60 12.37
7.28 80.00 0.00 0.00 0.00 63.81 5.24 62.57 5.25 30.47 6.68 30.15 11.66
7.29 80.00 0.00 0.00 0.00 63.80 6.38 63.06 5.47 31.28 14.09 31.80 11.69
7.31 80.00 0.00 0.00 0.00 63.81 5.24 63.31 5.58 14.84 6.65 30.31 12.39
7.33 80.00 0.00 0.00 0.00 66.32 6.35 63.56 5.81 15.65 14.15 27.33 14.55
7.34 80.00 0.00 0.00 0.00 66.31 7.50 64.06 6.15 30.23 20.46 27.35 15.93
7.36 80.00 0.00 0.00 0.00 66.32 6.35 64.31 6.26 15.61 6.95 25.94 15.30
7.38 80.00 0.00 0.00 0.00 66.32 6.35 64.81 6.25 30.66 -0.26 26.21 13.35
7.39 80.00 0.00 0.00 0.00 68.87 6.33 65.32 6.25 30.57 -0.27 25.91 11.03
7.41 80.00 0.00 0.00 0.00 68.86 7.48 65.82 6.47 30.96 13.74 26.12 11.78
7.42 80.00 0.00 0.00 0.00 68.85 8.62 66.33 6.58 31.08 6.82 26.14 8.90
7.44 80.00 0.00 0.00 0.00 66.31 7.50 66.58 6.81 15.62 14.12 24.65 9.65
7.46 80.00 0.00 0.00 0.00 68.85 8.62 67.08 7.03 31.06 13.83 24.63 9.62
7.47 80.00 0.00 0.00 0.00 68.87 6.33 67.59 7.14 30.89 6.68 26.23 9.62
7.49 80.00 0.00 0.00 0.00 71.45 6.31 68.10 7.14 31.26 -0.28 27.80 8.18
7.51 80.00 0.00 0.00 0.00 68.87 6.33 68.35 7.02 15.72 -7.15 26.34 5.42
7.52 80.00 0.00 0.00 0.00 68.86 7.48 68.61 7.14 15.54 6.88 26.34 5.41
7.54 80.00 0.00 0.00 0.00 68.87 6.33 68.86 7.13 15.98 -0.14 24.87 5.42
7.55 80.00 0.00 0.00 0.00 68.88 5.19 68.86 7.02 0.08 -7.17 21.82 4.73
7.57 80.00 0.00 0.00 0.00 68.86 7.48 68.86 7.02 -0.00 0.00 18.72 3.36
7.59 80.00 0.00 0.00 0.00 68.87 6.33 68.87 6.79 0.11 -13.87 15.63 1.29
7.60 80.00 0.00 0.00 0.00 68.88 5.19 69.12 6.56 15.80 -14.20 15.65 -1.54
7.62 80.00 0.00 0.00 0.00 68.87 6.33 69.13 6.33 0.11 -13.97 12.55 -4.32
7.63 80.00 0.00 0.00 0.00 68.87 6.33 69.13 6.33 0.00 0.00 9.46 -4.99
7.65 80.00 0.00 0.00 0.00 66.33 5.21 68.61 6.22 -31.20 -6.68 3.21 -5.63
7.67 80.00 0.00 0.00 0.00 68.88 5.19 68.62 6.10 0.08 -6.77 1.65 -5.59
7.68 80.00 0.00 0.00 0.00 68.88 5.19 68.62 5.88 0.15 -14.74 0.11 -7.75
7.70 80.00 0.00 0.00 0.00 68.88 5.19 68.62 5.76 0.08 -6.99 -1.48 -8.44
7.72 80.00 0.00 0.00 0.00 68.88 5.19 68.62 5.76 -0.00 0.00 -1.49 -7.72
7.73 80.00 0.00 0.00 0.00 68.90 4.04 68.62 5.42 0.24 -21.75 -1.46 -9.90
7.75 80.00 0.00 0.00 0.00 66.33 5.21 68.37 5.31 -16.32 -7.20 -3.11 -9.23
7.76 80.00 0.00 0.00 0.00 68.91 2.89 68.37 5.08 0.20 -13.89 -4.67 -9.20
7.78 80.00 0.00 0.00 0.00 68.88 5.19 68.37 4.96 0.08 -7.21 -4.67 -8.52
7.80 80.00 0.00 0.00 0.00 68.90 4.04 68.38 4.73 0.17 -14.08 -4.65 -9.93
7.81 80.00 0.00 0.00 0.00 66.33 5.21 68.38 4.73 0.00 -0.00 -1.53 -9.26
7.83 80.00 0.00 0.00 0.00 68.90 4.04 68.38 4.62 0.09 -6.99 -1.53 -9.29
7.85 80.00 0.00 0.00 0.00 68.90 4.04 68.38 4.50 0.10 -7.33 -1.54 -8.54
7.86 80.00 0.00 0.00 0.00 68.91 2.89 68.38 4.27 0.20 -14.21 -1.52 -9.27
7.88 80.00 0.00 0.00 0.00 68.90 4.04 68.38 4.16 0.09 -7.06 -1.51 -9.97
7.89 80.00 0.00 0.00 0.00 68.90 4.04 68.38 4.16 0.00 0.00 -1.54 -7.80
7.91 80.00 0.00 0.00 0.00 71.48 4.00 68.90 4.04 32.12 -7.54 3.31 -7.83
7.93 80.00 0.00 0.00 0.00 68.91 2.89 68.90 4.04 0.00 0.00 3.29 -6.44
7.94 80.00 0.00 0.00 0.00 68.90 4.04 68.90 3.92 0.09 -6.95 3.29 -6.42
7.96 80.00 0.00 0.00 0.00 68.90 4.04 68.90 3.92 0.00 0.00 3.27 -5.01
7.98 80.00 0.00 0.00 0.00 71.50 2.85 69.42 3.69 31.45 -14.37 6.41 -6.45
7.99 80.00 0.00 0.00 0.00 68.93 1.74 69.42 3.46 0.23 -14.12 6.43 -7.16
8.01 80.00 0.00 0.00 0.00 68.90 4.04 69.42 3.46 0.00 0.00 6.42 -6.43
8.02 80.00 0.00 0.00 0.00 68.95 0.59 69.42 3.23 0.26 -14.03 6.42 -6.41
8.04 80.00 0.00 0.00 0.00 68.91 2.89 69.43 3.11 0.11 -6.96 6.43 -6.40
8.06 80.00 0.00 0.00 0.00 68.91 2.89 69.43 3.00 0.11 -7.25 6.44 -7.12
8.07 80.00 0.00 0.00 0.00 71.48 4.00 69.43 3.00 0.00 0.00 3.22 -6.37
8.09 80.00 0.00 0.00 0.00 71.50 2.85 69.69 2.99 15.78 -0.23 4.80 -6.39
8.11 80.00 0.00 0.00 0.00 71.50 2.85 69.95 2.87 15.82 -7.22 6.38 -6.42
8.12 80.00 0.00 0.00 0.00 74.12 2.81 70.47 2.75 31.41 -7.38 9.52 -7.16
8.14 80.00 0.00 0.00 0.00 74.14 1.65 70.73 2.63 17.10 -7.77 8.08 -6.49
8.15 80.00 0.00 0.00 0.00 74.14 1.65 71.25 2.62 31.65 -0.54 11.22 -5.14
8.17 80.00 0.00 0.00 0.00 74.10 3.97 71.77 2.62 32.49 -0.43 14.47 -5.18
8.19 80.00 0.00 0.00 0.00 71.50 2.85 72.03 2.84 15.41 13.71 15.99 -2.41
8.20 80.00 0.00 0.00 0.00 71.48 4.00 72.28 2.95 14.58 6.33 17.44 -1.08
8.22 80.00 0.00 0.00 0.00 74.10 3.97 72.80 3.06 35.61 7.41 20.99 0.39
8.24 80.00 0.00 0.00 0.00 74.12 2.81 73.07 2.94 15.03 -6.80 22.49 -0.29
8.25 80.00 0.00 0.00 0.00 74.12 2.81 73.33 2.94 16.95 -0.26 22.61 -0.29
8.27 80.00 0.00 0.00 0.00 74.16 0.49 73.59 2.70 16.89 -14.95 22.71 -1.07
8.28 80.00 0.00 0.00 0.00 71.52 1.70 73.34 2.59 -15.72 -6.74 18.00 -1.00
8.30 80.00 0.00 0.00 0.00 74.14 1.65 73.34 2.59 -0.00 -0.00 16.29 -0.23
8.32 80.00 0.00 0.00 0.00 74.10 3.97 73.33 2.82 -0.26 14.52 13.10 1.28
8.33 80.00 0.00 0.00 0.00 74.16 0.49 73.34 2.48 0.41 -21.50 9.89 -0.83
8.35 80.00 0.00 0.00 0.00 71.52 1.70 73.34 2.36 0.13 -6.91 8.36 -2.89
8.37 80.00 0.00 0.00 0.00 74.16 0.49 73.61 2.01 16.41 -21.48 8.55 -5.67
8.38 80.00 0.00 0.00 0.00 74.16 0.49 73.61 1.66 0.41 -21.71 5.03 -8.58
8.40 80.00 0.00 0.00 0.00 74.12 2.81 73.61 1.66 0.00 0.00 3.52 -7.90
8.41 80.00 0.00 0.00 0.00 74.08 5.13 73.61 1.89 -0.22 14.21 1.81 -6.45
8.43 80.00 0.00 0.00 0.00 74.16 0.49 73.61 1.89 0.00 0.00 0.12 -4.96
8.45 80.00 0.00 0.00 0.00 74.19 -0.67 73.88 1.66 16.37 -14.50 3.32 -5.74
8.46 80.00 0.00 0.00 0.00 74.16 0.49 73.88 1.54 0.15 -7.10 3.34 -6.45
8.48 80.00 0.00 0.00 0.00 74.19 -0.67 73.89 1.08 0.58 -28.88 3.42 -10.79
8.50 80.00 0.00 0.00 0.00 74.19 -0.67 73.89 0.96 0.17 -7.10 3.40 -9.35
8.51 80.00 0.00 0.00 0.00 74.16 0.49 74.16 0.84 16.53 -7.54 5.04 -9.41
8.53 80.00 0.00 0.00 0.00 71.52 1.70 73.89 0.96 -16.23 7.40 1.78 -6.52
8.54 80.00 0.00 0.00 0.00 74.19 -0.67 73.90 0.84 0.16 -6.88 1.75 -5.04
8.56 80.00 0.00 0.00 0.00 74.19 -0.67 73.90 0.50 0.48 -22.63 1.80 -7.30
8.58 80.00 0.00 0.00 0.00 74.22 -1.83 73.92 -0.20 0.85 -42.27 1.91 -12.95
8.59 80.00 0.00 0.00 0.00 74.14 1.65 73.91 -0.08 -0.15 7.21 1.89 -12.23
8.61 80.00 0.00 0.00 0.00 71.60 -1.77 73.66 -0.19 -15.58 -6.62 -1.30 -11.44
8.63 80.00 0.00 0.00 0.00 74.16 0.49 73.66 -0.19 0.00 0.00 -1.32 -10.73
8.64 80.00 0.00 0.00 0.00 74.19 -0.67 73.66 -0.19 0.00 0.00 -1.38 -7.84
8.66 80.00 0.00 0.00 0.00 74.16 0.49 73.65 -0.08 -0.17 7.17 -1.41 -6.42
8.67 80.00 0.00 0.00 0.00 74.19 -0.67 73.66 -0.19 0.17 -7.20 -3.05 -6.38
8.69 80.00 0.00 0.00 0.00 74.19 -0.67 73.92 -0.43 16.39 -14.52 0.22 -8.58
8.71 80.00 0.00 0.00 0.00 74.19 -0.67 73.92 -0.43 0.00 0.00 0.20 -7.89
8.72 80.00 0.00 0.00 0.00 74.16 0.49 73.92 -0.32 -0.17 7.22 0.13 -4.90
8.74 80.00 0.00 0.00 0.00 74.19 -0.67 73.92 -0.20 -0.19 7.22 0.03 0.05
8.75 80.00 0.00 0.00 0.00 74.16 0.49 73.92 -0.31 0.16 -7.50 0.06 -1.42
8.77 80.00 0.00 0.00 0.00 74.19 -0.67 74.18 -0.20 15.97 6.78 3.22 -0.08
8.79 80.00 0.00 0.00 0.00 74.19 -0.67 74.18 -0.32 0.17 -7.19 3.23 -0.80
8.80 80.00 0.00 0.00 0.00 74.12 2.81 74.17 0.03 -0.46 21.40 3.19 1.34
8.82 80.00 0.00 0.00 0.00 74.16 0.49 74.17 0.03 0.00 0.00 3.20 0.62
8.84 80.00 0.00 0.00 0.00 74.12 2.81 74.17 0.38 -0.46 21.42 3.14 3.48
8.85 80.00 0.00 0.00 0.00 74.14 1.65 74.16 0.61 -0.32 14.26 1.47 6.36
8.87 80.00 0.00 0.00 0.00 74.14 1.65 74.16 0.84 -0.31 13.74 1.44 7.74
8.88 80.00 0.00 0.00 0.00 74.14 1.65 74.15 0.96 -0.16 7.46 1.44 7.76
8.90 80.00 0.00 0.00 0.00 74.14 1.65 74.15 1.19 -0.33 14.55 1.43 8.49
8.92 80.00 0.00 0.00 0.00 74.14 1.65 74.15 1.30 -0.15 7.01 1.40 9.94
8.93 80.00 0.00 0.00 0.00 76.82 0.44 74.41 1.41 16.46 6.93 1.45 9.96
8.95 80.00 0.00 0.00 0.00 76.79 1.60 74.67 1.64 15.58 13.59 2.99 12.04
8.97 80.00 0.00 0.00 0.00 76.77 2.77 74.94 1.64 16.93 -0.27 4.73 9.87
8.98 80.00 0.00 0.00 0.00 74.12 2.81 74.93 1.87 -0.29 14.23 4.70 11.29
9.00 80.00 0.00 0.00 0.00 79.47 2.72 75.47 1.86 31.96 -0.52 7.94 9.10
9.01 80.00 0.00 0.00 0.00 79.49 1.55 76.00 1.85 33.40 -0.61 11.31 7.61
9.03 80.00 0.00 0.00 0.00 76.79 1.60 76.27 1.85 16.29 -0.29 12.97 6.21
9.05 80.00 0.00 0.00 0.00 76.79 1.60 76.53 1.84 15.59 -0.28 14.54 5.43
9.06 80.00 0.00 0.00 0.00 76.79 1.60 76.80 1.84 16.91 -0.31 16.27 3.95
9.08 80.00 0.00 0.00 0.00 79.52 0.38 77.34 1.71 34.12 -8.05 19.70 2.44
9.10 80.00 0.00 0.00 0.00 74.16 0.49 77.07 1.71 -16.24 0.33 16.43 1.78
9.11 80.00 0.00 0.00 0.00 79.52 0.38 77.34 1.59 16.77 -7.52 16.54 -0.33
9.13 80.00 0.00 0.00 0.00 74.19 -0.67 77.08 1.25 -15.37 -20.46 13.31 -2.35
9.14 80.00 0.00 0.00 0.00 79.55 -0.79 77.63 0.89 34.75 -23.03 16.82 -6.07
9.16 80.00 0.00 0.00 0.00 76.79 1.60 77.36 0.78 -16.29 -6.83 11.99 -6.71
9.18 80.00 0.00 0.00 0.00 79.55 -0.79 77.37 0.54 0.35 -14.40 8.69 -8.08
9.19 80.00 0.00 0.00 0.00 74.19 -0.67 77.11 0.32 -15.95 -13.92 5.46 -9.45
9.21 80.00 0.00 0.00 0.00 76.82 0.44 77.11 0.20 0.16 -7.28 3.92 -10.15
9.23 80.00 0.00 0.00 0.00 76.85 -0.73 77.11 -0.03 0.34 -14.31 2.26 -11.55
9.24 80.00 0.00 0.00 0.00 74.16 0.49 76.58 -0.02 -33.26 0.68 -4.47 -10.67
9.26 80.00 0.00 0.00 0.00 79.58 -1.96 77.12 -0.27 33.19 -15.04 0.47 -12.21
9.27 80.00 0.00 0.00 0.00 74.22 -1.83 76.59 -0.49 -31.79 -13.28 -4.39 -12.79
9.29 80.00 0.00 0.00 0.00 76.85 -0.73 76.86 -0.50 16.74 -0.37 -1.18 -10.78
9.31 80.00 0.00 0.00 0.00 76.95 -4.24 76.60 -0.84 -16.06 -21.32 -6.26 -10.61
9.32 80.00 0.00 0.00 0.00 74.22 -1.83 76.34 -1.19 -15.93 -21.26 -6.22 -12.05
9.34 80.00 0.00 0.00 0.00 74.25 -3.00 75.81 -1.41 -31.82 -13.25 -9.44 -11.93
9.36 80.00 0.00 0.00 0.00 76.88 -1.90 76.08 -1.53 16.70 -7.61 -6.17 -11.30
9.37 80.00 0.00 0.00 0.00 79.66 -4.32 76.36 -2.00 17.39 -29.15 -4.45 -13.49
9.39 80.00 0.00 0.00 0.00 74.22 -1.83 76.10 -2.11 -16.14 -6.77 -6.10 -12.74
9.40 80.00 0.00 0.00 0.00 76.95 -4.24 76.38 -2.59 17.32 -29.35 -1.04 -15.74
9.42 80.00 0.00 0.00 0.00 74.29 -4.16 75.85 -2.81 -32.51 -13.50 -7.61 -15.59
9.44 80.00 0.00 0.00 0.00 76.88 -1.90 76.12 -2.81 16.06 -0.39 -2.82 -14.30
9.45 80.00 0.00 0.00 0.00 79.58 -1.96 76.39 -2.94 17.43 -7.88 -2.76 -15.05
9.47 80.00 0.00 0.00 0.00 74.22 -1.83 76.12 -2.70 -15.47 13.61 -2.70 -11.56
9.49 80.00 0.00 0.00 0.00 79.66 -4.32 76.66 -2.95 35.36 -16.16 2.43 -11.04
9.50 80.00 0.00 0.00 0.00 76.88 -1.90 76.92 -2.84 15.88 6.64 7.20 -9.05
9.52 80.00 0.00 0.00 0.00 75.55 -1.86 76.79 -2.83 -8.41 0.21 4.69 -8.27
9.54 80.00 0.00 0.00 0.00 76.85 -0.73 76.51 -2.47 -17.17 21.93 1.24 -3.16
9.55 80.00 0.00 0.00 0.00 79.55 -0.79 77.04 -2.37 32.86 6.42 6.14 -1.84
9.57 80.00 0.00 0.00 0.00 79.55 -0.79 77.30 -2.02 16.10 21.37 6.01 3.23
9.58 80.00 0.00 0.00 0.00 79.75 -6.68 77.85 -2.28 34.00 -15.67 12.66 3.01
9.60 80.00 0.00 0.00 0.00 76.82 0.44 77.84 -2.04 -0.37 14.49 11.02 4.50
9.62 80.00 0.00 0.00 0.00 76.85 -0.73 77.57 -1.92 -16.83 7.61 7.59 6.05
9.63 80.00 0.00 0.00 0.00 79.52 0.38 78.10 -1.70 32.27 13.48 12.37 6.03
9.65 80.00 0.00 0.00 0.00 79.55 -0.79 78.09 -1.34 -0.66 21.42 8.77 9.79
9.67 80.00 0.00 0.00 0.00 76.79 1.60 78.08 -0.99 -0.52 21.22 7.13 11.25
9.68 80.00 0.00 0.00 0.00 79.52 0.38 78.47 -0.77 24.37 13.78 10.40 12.61
9.70 80.00 0.00 0.00 0.00 79.49 1.55 78.74 -0.54 16.26 14.04 13.75 11.82
9.71 80.00 0.00 0.00 0.00 78.16 0.41 78.60 -0.42 -8.73 7.57 9.59 11.93
9.73 80.00 0.00 0.00 0.00 79.52 0.38 78.60 -0.30 -0.19 7.18 7.96 10.51
9.75 80.00 0.00 0.00 0.00 79.52 0.38 78.57 0.40 -1.41 44.06 4.42 16.49
9.76 80.00 0.00 0.00 0.00 79.49 1.55 78.84 0.51 17.39 7.26 6.20 15.76
9.78 80.00 0.00 0.00 0.00 79.52 0.38 79.11 0.62 15.58 6.48 9.44 15.65
9.79 80.00 0.00 0.00 0.00 79.52 0.38 79.11 0.62 0.00 0.00 6.21 14.30
9.81 80.00 0.00 0.00 0.00 79.52 0.38 79.11 0.74 -0.18 7.14 6.26 12.87
9.83 80.00 0.00 0.00 0.00 76.82 0.44 79.11 0.63 0.16 -7.31 6.33 10.02
9.84 80.00 0.00 0.00 0.00 79.55 -0.79 79.11 0.51 0.18 -6.92 3.91 7.95
9.86 80.00 0.00 0.00 0.00 79.58 -1.96 79.12 0.16 0.56 -21.76 2.34 4.37
9.88 80.00 0.00 0.00 0.00 79.52 0.38 79.26 0.15 8.24 -0.17 4.03 3.60
9.89 80.00 0.00 0.00 0.00 79.52 0.38 79.26 0.15 0.00 0.00 4.05 2.88
9.91 80.00 0.00 0.00 0.00 76.88 -1.90 78.99 -0.07 -16.61 -14.35 2.53 -2.96
9.92 80.00 0.00 0.00 0.00 76.92 -3.07 78.73 -0.54 -15.64 -28.04 -0.77 -6.49
9.94 80.00 0.00 0.00 0.00 79.58 -1.96 78.74 -0.77 0.40 -14.66 -2.29 -8.61
9.96 80.00 0.00 0.00 0.00 79.55 -0.79 78.74 -0.89 0.18 -7.08 -2.27 -9.32
9.97 80.00 0.00 0.00 0.00 76.88 -1.90 78.48 -1.12 -16.01 -13.83 -3.85 -11.41
9.99 80.00 0.00 0.00 0.00 79.58 -1.96 78.76 -1.36 17.22 -14.98 -2.15 -12.18
10.01 80.00 0.00 0.00 0.00 76.88 -1.90 78.49 -1.47 -16.34 -6.77 -3.80 -12.16
10.02 80.00 0.00 0.00 0.00 79.62 -3.14 78.49 -1.58 0.22 -7.26 -3.83 -10.71
10.04 80.00 0.00 0.00 0.00 74.29 -4.16 77.97 -2.04 -32.18 -27.96 -7.88 -13.49
10.05 80.00 0.00 0.00 0.00 79.58 -1.96 77.98 -2.27 0.39 -14.40 -7.84 -14.93
10.07 80.00 0.00 0.00 0.00 79.62 -3.14 78.25 -2.40 16.71 -7.59 -4.50 -14.26
10.09 80.00 0.00 0.00 0.00 79.62 -3.14 78.52 -2.41 15.37 -0.42 -1.40 -11.49
10.10 80.00 0.00 0.00 0.00 76.95 -4.24 78.26 -2.63 -17.86 -15.44 -3.23 -11.57
10.12 80.00 0.00 0.00 0.00 76.95 -4.24 78.00 -2.98 -15.76 -20.93 -4.82 -12.96
10.14 80.00 0.00 0.00 0.00 79.62 -3.14 78.27 -3.10 16.72 -7.59 -1.55 -12.33
10.15 80.00 0.00 0.00 0.00 76.95 -4.24 78.01 -3.33 -16.26 -14.05 -4.90 -12.24
10.17 80.00 0.00 0.00 0.00 79.66 -4.32 78.29 -3.57 17.49 -15.25 -1.52 -13.09
10.18 80.00 0.00 0.00 0.00 76.95 -4.24 78.02 -3.68 -16.61 -6.84 -3.20 -13.05
10.20 80.00 0.00 0.00 0.00 76.95 -4.24 78.29 -3.69 16.25 -0.46 1.64 -10.30
10.22 80.00 0.00 0.00 0.00 76.85 -0.73 78.01 -3.57 -16.63 7.52 -0.06 -8.10
10.23 80.00 0.00 0.00 0.00 79.58 -1.96 78.01 -3.45 -0.22 7.14 -1.75 -6.63
10.25 80.00 0.00 0.00 0.00 76.92 -3.07 77.74 -3.44 -17.20 0.47 -5.01 -6.54
10.27 80.00 0.00 0.00 0.00 79.58 -1.96 78.00 -3.21 16.08 13.90 -1.61 -3.61
10.28 80.00 0.00 0.00 0.00 79.55 -0.79 78.26 -2.87 15.04 19.97 1.47 0.48
10.30 80.00 0.00 0.00 0.00 79.58 -1.96 78.26 -2.75 -0.23 7.59 -0.23 2.00
10.31 80.00 0.00 0.00 0.00 79.62 -3.14 78.52 -2.64 16.36 6.74 3.03 4.08
10.33 80.00 0.00 0.00 0.00 79.55 -0.79 78.51 -2.29 -0.66 21.36 1.22 7.74
10.35 80.00 0.00 0.00 0.00 79.55 -0.79 78.77 -1.94 15.97 21.20 4.48 10.54
10.36 80.00 0.00 0.00 0.00 79.55 -0.79 79.03 -1.60 15.74 20.90 4.42 12.68
10.38 80.00 0.00 0.00 0.00 79.55 -0.79 79.30 -1.60 17.14 -0.39 7.80 11.89
10.40 80.00 0.00 0.00 0.00 79.55 -0.79 79.30 -1.49 -0.20 6.99 7.80 11.87
10.41 80.00 0.00 0.00 0.00 79.52 0.38 79.56 -1.14 16.57 21.95 11.18 14.02
10.43 80.00 0.00 0.00 0.00 79.58 -1.96 79.56 -1.14 0.00 0.00 9.57 12.63
10.44 80.00 0.00 0.00 0.00 79.55 -0.79 79.56 -1.14 0.00 0.00 8.07 10.63
10.46 80.00 0.00 0.00 0.00 79.49 1.55 79.55 -0.79 -0.56 21.55 8.04 12.03
10.48 80.00 0.00 0.00 0.00 79.58 -1.96 79.55 -0.67 -0.22 7.24 6.38 12.08
10.49 80.00 0.00 0.00 0.00 79.58 -1.96 79.55 -0.79 0.20 -7.18 6.46 9.23
10.51 80.00 0.00 0.00 0.00 79.49 1.55 79.54 -0.56 -0.36 14.65 4.83 8.57
10.53 80.00 0.00 0.00 0.00 79.52 0.38 79.54 -0.44 -0.19 7.17 3.24 7.20
10.54 80.00 0.00 0.00 0.00 79.55 -0.79 79.54 -0.44 0.00 0.00 1.53 7.24
10.56 80.00 0.00 0.00 0.00 79.55 -0.79 79.54 -0.44 0.00 0.00 1.55 6.54
10.57 80.00 0.00 0.00 0.00 79.49 1.55 79.54 -0.32 -0.17 7.23 -0.13 5.07
10.59 80.00 0.00 0.00 0.00 79.55 -0.79 79.54 -0.20 -0.20 7.19 -0.15 5.79
10.61 80.00 0.00 0.00 0.00 79.58 -1.96 79.54 -0.32 0.21 -7.47 -0.13 5.04
10.62 80.00 0.00 0.00 0.00 79.55 -0.79 79.54 -0.56 0.34 -13.76 -0.04 1.51
10.64 80.00 0.00 0.00 0.00 79.58 -1.96 79.54 -0.56 0.00 0.00 -0.02 0.78
10.66 80.00 0.00 0.00 0.00 79.58 -1.96 79.54 -0.56 0.00 0.00 -0.04 1.50
10.67 80.00 0.00 0.00 0.00 79.58 -1.96 79.55 -0.91 0.70 -26.96 0.07 -2.66
10.69 80.00 0.00 0.00 0.00 79.55 -0.79 79.56 -1.03 0.18 -7.12 0.11 -4.09
10.70 80.00 0.00 0.00 0.00 79.58 -1.96 79.56 -1.14 0.19 -6.69 0.12 -4.76
10.72 80.00 0.00 0.00 0.00 79.55 -0.79 79.56 -1.14 0.00 0.00 0.12 -4.76
10.74 80.00 0.00 0.00 0.00 79.55 -0.79 79.57 -1.38 0.35 -14.22 0.18 -6.90
10.75 80.00 0.00 0.00 0.00 79.58 -1.96 79.57 -1.49 0.22 -7.78 0.22 -8.40
10.77 80.00 0.00 0.00 0.00 79.62 -3.14 79.57 -1.61 0.22 -7.09 0.22 -8.36
10.78 80.00 0.00 0.00 0.00 76.88 -1.90 79.31 -1.72 -16.90 -7.01 -1.50 -7.69
10.80 80.00 0.00 0.00 0.00 79.62 -3.14 79.31 -1.84 0.22 -7.20 -1.48 -8.41
10.82 80.00 0.00 0.00 0.00 79.55 -0.79 79.31 -1.72 -0.21 7.38 -1.50 -7.67
10.83 80.00 0.00 0.00 0.00 79.49 1.55 79.30 -1.37 -0.55 21.38 -1.63 -2.83
10.85 80.00 0.00 0.00 0.00 79.55 -0.79 79.30 -1.37 0.00 0.00 -1.65 -2.12
10.87 80.00 0.00 0.00 0.00 79.58 -1.96 79.30 -1.37 0.00 0.00 -1.67 -1.45
10.88 80.00 0.00 0.00 0.00 79.55 -0.79 79.30 -1.37 0.00 0.00 -1.67 -1.45
10.90 80.00 0.00 0.00 0.00 79.52 0.38 79.29 -1.25 -0.19 7.22 -1.72 0.69
10.92 80.00 0.00 0.00 0.00 79.55 -0.79 79.29 -1.14 -0.20 7.05 -1.76 2.17
10.93 80.00 0.00 0.00 0.00 79.55 -0.79 79.28 -0.90 -0.42 14.37 -1.83 4.32
10.95 80.00 0.00 0.00 0.00 79.49 1.55 79.55 -0.56 15.98 21.12 1.46 7.13
10.96 80.00 0.00 0.00 0.00 79.58 -1.96 79.54 -0.44 -0.23 7.35 1.42 8.59
10.98 80.00 0.00 0.00 0.00 79.58 -1.96 79.54 -0.56 0.20 -7.25 1.46 7.12
11.00 80.00 0.00 0.00 0.00 79.55 -0.79 79.55 -0.79 0.36 -14.46 1.55 3.54
11.01 80.00 0.00 0.00 0.00 76.85 -0.73 79.28 -0.78 -15.12 0.35 0.04 3.57
11.03 80.00 0.00 0.00 0.00 79.55 -0.79 79.28 -0.67 -0.23 7.97 0.02 4.37
11.04 80.00 0.00 0.00 0.00 76.82 0.44 79.00 -0.54 -16.65 7.50 -1.65 5.12
11.06 80.00 0.00 0.00 0.00 76.99 -5.41 78.75 -1.12 -15.84 -36.33 -3.21 0.77
11.08 80.00 0.00 0.00 0.00 79.52 0.38 78.75 -1.01 -0.18 7.06 -3.21 0.77
11.09 80.00 0.00 0.00 0.00 79.58 -1.96 78.75 -1.12 0.21 -7.44 -3.15 -1.41
11.11 80.00 0.00 0.00 0.00 74.22 -1.83 78.22 -1.46 -31.83 -20.44 -7.93 -5.57
11.13 80.00 0.00 0.00 0.00 79.62 -3.14 78.23 -1.58 0.22 -7.19 -7.89 -7.02
11.14 80.00 0.00 0.00 0.00 76.92 -3.07 77.96 -1.69 -16.67 -6.89 -9.57 -6.99
11.16 80.00 0.00 0.00 0.00 79.58 -1.96 77.97 -1.81 0.20 -7.11 -9.59 -6.25
11.18 80.00 0.00 0.00 0.00 76.92 -3.07 77.97 -2.04 0.42 -14.87 -8.04 -7.77
11.19 80.00 0.00 0.00 0.00 74.25 -3.00 77.44 -2.26 -31.69 -13.20 -11.18 -9.89
11.21 80.00 0.00 0.00 0.00 76.92 -3.07 77.45 -2.61 0.58 -21.43 -9.46 -12.78
11.22 80.00 0.00 0.00 0.00 76.95 -4.24 77.45 -2.49 -0.25 7.43 -7.90 -8.41
11.24 80.00 0.00 0.00 0.00 76.95 -4.24 77.19 -2.96 -15.23 -27.42 -9.40 -11.86
11.26 80.00 0.00 0.00 0.00 79.62 -3.14 77.19 -3.07 0.23 -7.50 -9.40 -11.86
11.27 80.00 0.00 0.00 0.00 76.88 -1.90 77.46 -3.08 16.45 -0.40 -4.57 -9.86
11.29 80.00 0.00 0.00 0.00 79.62 -3.14 77.46 -3.08 0.00 0.00 -4.60 -9.14
11.31 80.00 0.00 0.00 0.00 76.92 -3.07 77.46 -3.08 0.00 0.00 -2.93 -8.45
11.32 80.00 0.00 0.00 0.00 79.62 -3.14 77.46 -3.20 0.22 -7.29 -2.93 -8.47
11.34 80.00 0.00 0.00 0.00 76.88 -1.90 77.46 -3.08 -0.21 7.19 -2.99 -6.26
11.35 80.00 0.00 0.00 0.00 79.58 -1.96 77.99 -2.98 33.61 6.51 3.54 -4.29
11.37 80.00 0.00 0.00 0.00 79.62 -3.14 78.26 -2.99 16.49 -0.45 5.13 -2.19
11.39 80.00 0.00 0.00 0.00 79.58 -1.96 78.53 -2.76 16.24 14.04 6.78 -1.53
11.40 80.00 0.00 0.00 0.00 79.58 -1.96 78.79 -2.53 15.84 13.70 9.89 2.58
11.42 80.00 0.00 0.00 0.00 76.88 -1.90 78.52 -2.41 -16.82 7.64 8.18 4.09
11.43 80.00 0.00 0.00 0.00 79.58 -1.96 78.79 -2.41 16.84 -0.42 8.22 4.09
11.45 80.00 0.00 0.00 0.00 79.55 -0.79 78.78 -2.18 -0.43 14.59 8.18 5.55
11.47 80.00 0.00 0.00 0.00 79.58 -1.96 79.05 -2.07 16.01 6.62 9.78 6.21
11.48 80.00 0.00 0.00 0.00 79.58 -1.96 79.04 -1.95 -0.23 7.33 9.73 7.67
11.50 80.00 0.00 0.00 0.00 79.52 0.38 79.31 -1.72 16.32 14.10 11.39 8.37
11.52 80.00 0.00 0.00 0.00 79.55 -0.79 79.30 -1.61 -0.20 7.10 8.00 8.42
11.53 80.00 0.00 0.00 0.00 79.58 -1.96 79.30 -1.49 -0.23 7.44 6.33 9.21
11.55 80.00 0.00 0.00 0.00 79.55 -0.79 79.30 -1.37 -0.20 6.96 4.69 8.51
11.57 80.00 0.00 0.00 0.00 79.55 -0.79 79.29 -1.25 -0.21 7.40 3.08 7.88
11.58 80.00 0.00 0.00 0.00 76.85 -0.73 79.29 -1.14 -0.19 7.15 4.75 7.83
11.60 80.00 0.00 0.00 0.00 76.92 -3.07 79.02 -1.25 -16.30 -6.74 1.43 7.20
11.61 80.00 0.00 0.00 0.00 76.82 0.44 78.75 -1.12 -16.92 7.62 -0.22 6.50
11.63 80.00 0.00 0.00 0.00 79.52 0.38 78.74 -0.89 -0.39 14.48 -1.86 7.28
11.65 80.00 0.00 0.00 0.00 79.58 -1.96 78.74 -0.89 0.00 0.00 -1.83 6.55
11.66 80.00 0.00 0.00 0.00 79.58 -1.96 78.75 -1.12 0.39 -14.29 -3.43 3.71
11.68 80.00 0.00 0.00 0.00 79.52 0.38 78.75 -1.01 -0.19 7.39 -3.42 3.74
11.69 80.00 0.00 0.00 0.00 79.55 -0.79 78.74 -0.89 -0.20 7.20 -3.42 3.72
11.71 80.00 0.00 0.00 0.00 76.85 -0.73 78.47 -0.88 -16.72 0.38 -5.07 3.06
11.73 80.00 0.00 0.00 0.00 79.58 -1.96 78.48 -1.00 0.20 -7.06 -5.03 1.61
11.74 80.00 0.00 0.00 0.00 79.58 -1.96 78.75 -1.12 17.81 -8.05 -3.23 0.09
11.76 80.00 0.00 0.00 0.00 79.62 -3.14 79.02 -1.13 16.74 -0.45 0.07 0.72
11.78 80.00 0.00 0.00 0.00 79.58 -1.96 79.30 -1.37 17.28 -15.03 3.49 -1.54
11.79 80.00 0.00 0.00 0.00 79.58 -1.96 79.30 -1.61 0.39 -14.51 3.57 -4.44
11.81 80.00 0.00 0.00 0.00 79.62 -3.14 79.31 -1.72 0.22 -7.04 3.59 -5.15
11.82 80.00 0.00 0.00 0.00 76.88 -1.90 79.04 -1.72 -16.84 0.42 1.87 -3.68
11.84 80.00 0.00 0.00 0.00 79.58 -1.96 79.04 -1.95 0.38 -14.03 1.92 -5.82
11.86 80.00 0.00 0.00 0.00 76.88 -1.90 78.78 -2.06 -16.83 -6.98 0.26 -7.24
11.87 80.00 0.00 0.00 0.00 79.62 -3.14 79.05 -2.30 16.71 -14.55 3.61 -8.73
11.89 80.00 0.00 0.00 0.00 79.66 -4.32 79.06 -2.54 0.48 -14.97 3.63 -9.52
11.91 80.00 0.00 0.00 0.00 79.66 -4.32 79.07 -2.77 0.46 -14.35 1.90 -10.15
11.92 80.00 0.00 0.00 0.00 79.66 -4.32 79.07 -2.89 0.24 -7.27 0.25 -10.83
11.94 80.00 0.00 0.00 0.00 79.62 -3.14 79.08 -3.01 0.22 -7.09 -1.46 -10.04
11.95 80.00 0.00 0.00 0.00 79.70 -5.50 79.09 -3.36 0.73 -21.95 -1.42 -10.78
11.97 80.00 0.00 0.00 0.00 79.66 -4.32 79.09 -3.48 0.23 -6.95 -1.42 -10.77
11.99 80.00 0.00 0.00 0.00 76.95 -4.24 79.10 -3.71 0.46 -15.01 0.31 -12.32
12.00 80.00 0.00 0.00 0.00 75.62 -4.20 78.70 -3.94 -23.78 -13.40 -2.11 -12.25
12.02 80.00 0.00 0.00 0.00 76.92 -3.07 78.71 -4.05 0.21 -7.00 -0.40 -12.26
12.04 80.00 0.00 0.00 0.00 79.66 -4.32 78.71 -4.17 0.26 -7.69 -2.05 -11.57
12.05 80.00 0.00 0.00 0.00 74.25 -3.00 78.17 -4.04 -32.70 7.99 -5.37 -9.27
12.07 80.00 0.00 0.00 0.00 76.95 -4.24 77.90 -4.03 -16.71 0.49 -7.08 -7.79
12.08 80.00 0.00 0.00 0.00 76.95 -4.24 77.63 -4.02 -16.96 0.50 -8.81 -7.01
12.10 80.00 0.00 0.00 0.00 79.66 -4.32 77.63 -4.14 0.24 -7.23 -8.80 -7.03
12.12 80.00 0.00 0.00 0.00 76.92 -3.07 77.35 -3.90 -16.59 14.47 -10.53 -3.38
12.13 80.00 0.00 0.00 0.00 76.95 -4.24 77.08 -3.89 -17.05 0.50 -12.26 -2.64
12.15 80.00 0.00 0.00 0.00 76.92 -3.07 77.08 -3.77 -0.23 7.24 -12.33 -0.41
12.17 80.00 0.00 0.00 0.00 76.92 -3.07 77.21 -3.66 7.97 6.94 -9.16 1.62
12.18 80.00 0.00 0.00 0.00 79.58 -1.96 77.48 -3.55 16.41 6.78 -7.54 3.00
12.20 80.00 0.00 0.00 0.00 79.58 -1.96 77.47 -3.32 -0.46 14.52 -7.61 5.22
12.21 80.00 0.00 0.00 0.00 79.55 -0.79 78.00 -3.09 31.78 13.24 -1.16 5.74
12.23 80.00 0.00 0.00 0.00 74.25 -3.00 77.73 -2.97 -17.27 7.94 -1.22 6.49
12.25 80.00 0.00 0.00 0.00 79.55 -0.79 77.99 -2.63 15.41 20.46 2.02 8.49
12.26 80.00 0.00 0.00 0.00 76.85 -0.73 77.71 -2.27 -17.58 22.47 0.24 11.46
12.28 80.00 0.00 0.00 0.00 79.52 0.38 77.97 -1.92 15.74 20.84 3.47 12.09
12.30 80.00 0.00 0.00 0.00 79.55 -0.79 78.23 -1.58 16.40 21.77 6.82 14.22
12.31 80.00 0.00 0.00 0.00 79.55 -0.79 78.49 -1.35 15.94 13.78 8.43 14.87
