#Task Selector: 5
#PID Parameters: kp: 0.03, kd: 0.03, ki: 0.01
#n_pos: 10
#n_vel: 10
t x_ref y_ref vx_ref vy_ref x_raw y_raw x y vx_raw vy_raw vx vy
0.02 0.00 0.00 0.00 0.00 4.60 4.46 0.46 0.45 28.73 27.89 2.87 2.79
0.03 0.00 0.00 0.00 0.00 2.43 4.46 0.70 0.89 14.09 25.91 4.28 5.38
0.05 0.00 0.00 0.00 0.00 4.60 6.63 1.16 1.56 28.26 40.80 7.11 9.46
0.07 0.00 0.00 0.00 0.00 4.60 4.46 1.62 2.00 28.27 27.45 9.93 12.20
0.08 0.00 0.00 0.00 0.00 4.60 6.63 2.08 2.67 27.64 39.90 12.70 16.19
0.10 0.00 0.00 0.00 0.00 2.43 5.55 2.32 3.22 14.76 33.76 14.17 19.57
0.11 0.00 0.00 0.00 0.00 2.43 6.63 2.57 3.88 15.17 41.46 15.69 23.72
0.13 0.00 0.00 0.00 0.00 2.43 5.55 2.81 4.44 15.02 34.33 17.19 27.15
0.15 0.00 0.00 0.00 0.00 8.94 5.54 3.70 4.99 54.19 33.63 22.61 30.51
0.16 0.00 0.00 0.00 0.00 6.77 5.55 4.38 5.55 42.42 34.78 26.85 33.99
0.18 0.00 0.00 0.00 0.00 6.77 5.55 4.60 5.66 13.13 6.56 25.29 31.86
0.20 0.00 0.00 0.00 0.00 2.43 6.63 4.60 5.87 -0.00 13.43 23.88 30.61
0.21 0.00 0.00 0.00 0.00 2.43 5.55 4.38 5.76 -13.55 -6.78 19.70 25.85
0.23 0.00 0.00 0.00 0.00 6.76 6.63 4.60 5.98 13.38 13.39 18.22 24.45
0.25 0.00 0.00 0.00 0.00 2.43 5.55 4.38 5.87 -12.79 -6.40 14.17 19.82
0.26 0.00 0.00 0.00 0.00 4.60 5.55 4.60 5.87 13.32 -0.00 14.03 16.44
0.28 0.00 0.00 0.00 0.00 2.43 5.55 4.60 5.76 0.00 -7.42 12.51 11.55
0.29 0.00 0.00 0.00 0.00 2.43 5.55 4.60 5.76 0.00 -0.00 11.01 8.12
0.31 0.00 0.00 0.00 0.00 0.26 6.63 3.73 5.87 -52.76 6.62 0.31 5.42
0.33 0.00 0.00 0.00 0.00 0.26 4.46 3.08 5.77 -39.30 -6.55 -7.86 1.28
0.34 0.00 0.00 0.00 0.00 0.26 5.55 2.43 5.77 -40.16 0.01 -13.19 0.63
0.36 0.00 0.00 0.00 0.00 -0.83 4.46 2.10 5.55 -19.95 -13.31 -15.18 -2.04
0.37 0.00 0.00 0.00 0.00 -1.91 3.38 1.67 5.33 -26.86 -13.46 -16.51 -2.71
0.39 0.00 0.00 0.00 0.00 -4.08 3.37 0.58 5.01 -67.00 -20.13 -24.55 -6.06
0.41 0.00 0.00 0.00 0.00 -4.08 4.46 -0.07 4.90 -39.24 -6.57 -27.20 -6.08
0.42 0.00 0.00 0.00 0.00 -4.08 3.37 -0.94 4.68 -54.33 -13.62 -33.96 -7.44
0.44 0.00 0.00 0.00 0.00 -4.09 2.29 -1.59 4.35 -40.37 -20.23 -38.00 -8.72
0.46 0.00 0.00 0.00 0.00 -6.26 3.37 -2.46 4.13 -53.53 -13.43 -43.35 -10.07
0.47 0.00 0.00 0.00 0.00 -6.26 2.28 -3.11 3.70 -40.71 -27.18 -42.14 -13.45
0.49 0.00 0.00 0.00 0.00 -6.26 1.19 -3.76 3.37 -38.71 -19.42 -42.09 -14.73
0.50 0.00 0.00 0.00 0.00 -6.26 1.19 -4.41 2.94 -40.23 -26.88 -42.09 -17.42
0.52 0.00 0.00 0.00 0.00 -6.27 -0.99 -4.96 2.39 -33.70 -33.76 -43.47 -19.47
0.54 0.00 0.00 0.00 0.00 -7.35 0.10 -5.50 2.06 -33.97 -20.45 -44.18 -20.17
0.55 0.00 0.00 0.00 0.00 -7.35 1.19 -5.83 1.85 -19.88 -13.29 -39.47 -19.48
0.57 0.00 0.00 0.00 0.00 -9.53 1.18 -6.37 1.52 -34.00 -20.44 -38.94 -20.87
0.59 0.00 0.00 0.00 0.00 -9.53 0.09 -6.92 1.19 -33.52 -20.18 -36.86 -21.53
0.60 0.00 0.00 0.00 0.00 -8.44 0.10 -7.35 0.97 -25.60 -12.86 -35.39 -20.79
0.62 0.00 0.00 0.00 0.00 -8.44 0.10 -7.57 0.64 -13.74 -20.58 -31.41 -21.50
0.63 0.00 0.00 0.00 0.00 -9.53 0.09 -7.90 0.43 -20.61 -13.78 -29.40 -20.16
0.65 0.00 0.00 0.00 0.00 -10.62 0.09 -8.33 0.31 -26.54 -6.71 -28.18 -18.89
0.67 0.00 0.00 0.00 0.00 -10.62 0.09 -8.77 0.20 -26.74 -6.76 -26.83 -16.88
0.68 0.00 0.00 0.00 0.00 -10.62 1.18 -9.21 0.42 -27.58 13.74 -26.22 -12.13
0.70 0.00 0.00 0.00 0.00 -10.62 0.09 -9.53 0.42 -19.64 -0.06 -24.78 -10.09
0.72 0.00 0.00 0.00 0.00 -10.62 0.09 -9.86 0.31 -19.98 -6.72 -24.79 -9.44
0.73 0.00 0.00 0.00 0.00 -10.62 1.18 -9.97 0.31 -6.54 -0.02 -22.05 -7.39
0.75 0.00 0.00 0.00 0.00 -10.62 0.09 -10.08 0.31 -6.94 -0.03 -19.39 -5.38
0.76 0.00 0.00 0.00 0.00 -10.62 0.09 -10.30 0.31 -13.22 -0.05 -18.15 -4.10
0.78 0.00 0.00 0.00 0.00 -10.62 1.18 -10.51 0.42 -13.93 6.93 -18.17 -1.35
0.80 0.00 0.00 0.00 0.00 -10.63 -1.00 -10.62 0.31 -6.69 -6.69 -16.78 -0.64
0.81 0.00 0.00 0.00 0.00 -10.62 1.18 -10.62 0.42 0.02 6.68 -14.12 0.70
0.83 0.00 0.00 0.00 0.00 -10.62 0.09 -10.62 0.42 0.00 0.00 -11.45 1.38
0.85 0.00 0.00 0.00 0.00 -10.62 2.27 -10.62 0.53 0.02 6.83 -8.69 0.69
0.86 0.00 0.00 0.00 0.00 -10.62 2.27 -10.62 0.74 0.05 13.48 -6.72 2.04
0.88 0.00 0.00 0.00 0.00 -10.62 1.18 -10.62 0.85 0.02 6.64 -4.72 3.38
0.89 0.00 0.00 0.00 0.00 -10.62 2.27 -10.62 0.96 0.02 6.80 -4.06 4.06
0.91 0.00 0.00 0.00 0.00 -10.61 3.36 -10.62 1.29 0.06 19.35 -3.36 6.00
0.93 0.00 0.00 0.00 0.00 -10.62 1.18 -10.62 1.40 0.03 7.04 -2.04 6.71
0.94 0.00 0.00 0.00 0.00 -10.62 2.27 -10.62 1.51 0.02 6.74 -0.64 6.69
0.96 0.00 0.00 0.00 0.00 -10.61 3.36 -10.62 1.94 0.09 26.83 0.03 10.04
0.98 0.00 0.00 0.00 0.00 -9.52 3.36 -10.51 2.16 6.65 13.23 0.70 10.69
0.99 0.00 0.00 0.00 0.00 -10.61 3.36 -10.51 2.49 0.07 20.05 0.70 12.70
1.01 0.00 0.00 0.00 0.00 -10.61 3.36 -10.51 2.60 0.02 6.57 0.70 12.67
1.02 0.00 0.00 0.00 0.00 -10.61 4.45 -10.51 2.82 0.04 13.83 0.70 12.71
1.04 0.00 0.00 0.00 0.00 -10.61 4.45 -10.51 3.14 0.06 19.55 0.71 14.00
1.06 0.00 0.00 0.00 0.00 -10.61 4.45 -10.50 3.36 0.04 13.73 0.71 14.69
1.07 0.00 0.00 0.00 0.00 -10.61 4.45 -10.50 3.47 0.02 6.44 0.70 13.40
1.09 0.00 0.00 0.00 0.00 -10.61 4.45 -10.50 3.80 0.06 20.37 0.71 14.74
1.11 0.00 0.00 0.00 0.00 -10.61 5.54 -10.50 4.12 0.05 20.29 0.71 16.09
1.12 0.00 0.00 0.00 0.00 -10.61 4.45 -10.50 4.23 0.02 6.61 0.70 14.07
1.14 0.00 0.00 0.00 0.00 -10.61 5.54 -10.61 4.45 -6.91 13.83 -0.65 14.13
1.15 0.00 0.00 0.00 0.00 -10.61 5.54 -10.61 4.67 0.03 12.87 -0.66 13.41
1.17 0.00 0.00 0.00 0.00 -10.61 5.54 -10.61 4.88 0.03 13.69 -0.66 14.12
1.19 0.00 0.00 0.00 0.00 -10.61 5.54 -10.61 4.99 0.02 6.85 -0.66 13.43
1.20 0.00 0.00 0.00 0.00 -10.61 6.62 -10.61 5.21 0.03 13.12 -0.66 12.78
1.22 0.00 0.00 0.00 0.00 -10.61 6.62 -10.61 5.43 0.03 13.35 -0.66 12.74
1.24 0.00 0.00 0.00 0.00 -10.61 5.54 -10.61 5.54 0.01 6.49 -0.66 12.75
1.25 0.00 0.00 0.00 0.00 -10.61 5.54 -10.61 5.64 0.01 6.49 -0.67 11.36
1.27 0.00 0.00 0.00 0.00 -10.61 5.54 -10.61 5.64 0.00 0.00 -0.67 9.33
1.28 0.00 0.00 0.00 0.00 -10.61 6.62 -10.61 5.86 0.03 14.01 -0.67 10.07
1.30 0.00 0.00 0.00 0.00 -10.61 6.62 -10.61 5.97 0.01 6.67 0.02 9.35
1.32 0.00 0.00 0.00 0.00 -10.61 6.62 -10.61 6.08 0.01 6.86 0.02 8.75
1.33 0.00 0.00 0.00 0.00 -10.60 7.71 -10.61 6.30 0.02 13.18 0.02 8.70
1.35 0.00 0.00 0.00 0.00 -10.61 6.62 -10.61 6.41 0.01 6.48 0.02 8.67
1.36 0.00 0.00 0.00 0.00 -10.61 6.62 -10.61 6.41 -0.00 0.00 0.01 7.35
1.38 0.00 0.00 0.00 0.00 -14.98 6.61 -11.04 6.40 -26.62 -0.05 -2.65 6.01
1.40 0.00 0.00 0.00 0.00 -10.60 7.71 -11.04 6.62 0.02 13.52 -2.65 6.72
1.41 0.00 0.00 0.00 0.00 -12.79 6.62 -11.26 6.73 -13.37 6.64 -3.99 6.73
1.43 0.00 0.00 0.00 0.00 -12.79 7.71 -11.48 6.95 -13.49 13.44 -5.34 8.07
1.45 0.00 0.00 0.00 0.00 -12.79 7.71 -11.70 7.06 -13.40 6.66 -6.68 7.34
1.46 0.00 0.00 0.00 0.00 -13.88 7.70 -12.03 7.16 -19.59 6.47 -8.64 7.32
1.48 0.00 0.00 0.00 0.00 -12.79 6.62 -12.24 7.16 -13.68 -0.03 -10.01 6.63
1.50 0.00 0.00 0.00 0.00 -14.98 6.61 -12.68 7.05 -26.48 -6.63 -12.66 4.65
1.51 0.00 0.00 0.00 0.00 -14.97 8.79 -13.12 7.27 -26.44 13.12 -15.31 5.31
1.53 0.00 0.00 0.00 0.00 -14.98 7.70 -13.56 7.38 -27.54 6.80 -18.06 5.99
1.54 0.00 0.00 0.00 0.00 -14.98 7.70 -13.55 7.49 0.01 6.68 -15.40 6.67
1.56 0.00 0.00 0.00 0.00 -12.79 7.71 -13.77 7.49 -13.05 -0.02 -16.70 5.31
1.58 0.00 0.00 0.00 0.00 -12.79 7.71 -13.77 7.60 0.01 6.55 -15.36 5.30
1.59 0.00 0.00 0.00 0.00 -14.98 7.70 -13.99 7.60 -14.35 -0.02 -15.45 3.96
1.61 0.00 0.00 0.00 0.00 -14.98 7.70 -14.21 7.60 -13.72 -0.02 -15.48 3.29
1.62 0.00 0.00 0.00 0.00 -14.98 6.61 -14.32 7.49 -6.75 -6.71 -14.20 1.97
1.64 0.00 0.00 0.00 0.00 -13.88 7.70 -14.43 7.60 -6.58 6.54 -13.49 2.63
1.66 0.00 0.00 0.00 0.00 -14.98 7.70 -14.43 7.70 0.01 6.64 -10.84 3.96
1.67 0.00 0.00 0.00 0.00 -12.79 7.71 -14.21 7.60 13.69 -6.79 -6.83 1.97
1.69 0.00 0.00 0.00 0.00 -14.98 7.70 -14.21 7.60 0.00 0.00 -4.07 1.29
1.71 0.00 0.00 0.00 0.00 -14.98 7.70 -14.21 7.60 0.00 0.00 -4.07 0.62
1.72 0.00 0.00 0.00 0.00 -14.98 6.61 -14.43 7.49 -13.47 -6.72 -4.12 -0.05
1.74 0.00 0.00 0.00 0.00 -14.98 6.61 -14.65 7.38 -13.35 -6.65 -5.45 -1.37
1.76 0.00 0.00 0.00 0.00 -13.88 7.70 -14.54 7.38 6.98 0.01 -3.32 -1.37
1.77 0.00 0.00 0.00 0.00 -14.98 7.70 -14.54 7.38 -0.00 0.00 -1.95 -1.37
1.79 0.00 0.00 0.00 0.00 -12.79 7.71 -14.32 7.49 13.52 6.74 0.08 -0.02
1.80 0.00 0.00 0.00 0.00 -12.79 7.71 -14.21 7.49 6.93 0.01 1.43 -0.67
1.82 0.00 0.00 0.00 0.00 -12.79 6.62 -13.99 7.38 13.41 -6.65 2.77 -2.00
1.84 0.00 0.00 0.00 0.00 -12.79 7.71 -13.99 7.38 0.00 0.00 1.40 -1.33
1.85 0.00 0.00 0.00 0.00 -12.79 7.71 -13.77 7.38 13.44 0.02 2.75 -1.32
1.87 0.00 0.00 0.00 0.00 -10.60 7.71 -13.34 7.38 26.71 0.04 5.42 -1.32
1.89 0.00 0.00 0.00 0.00 -12.79 6.62 -13.12 7.38 13.23 0.03 8.09 -0.64
1.90 0.00 0.00 0.00 0.00 -10.60 7.71 -12.68 7.49 26.99 6.76 12.12 0.70
1.92 0.00 0.00 0.00 0.00 -14.98 7.70 -12.79 7.49 -6.76 -0.01 10.75 0.69
1.93 0.00 0.00 0.00 0.00 -14.98 7.70 -12.79 7.49 0.00 0.00 10.75 0.69
1.95 0.00 0.00 0.00 0.00 -10.60 7.71 -12.57 7.49 13.38 0.02 10.73 0.02
1.97 0.00 0.00 0.00 0.00 -12.79 5.53 -12.57 7.27 -0.03 -13.45 10.04 -1.32
1.98 0.00 0.00 0.00 0.00 -12.79 7.71 -12.57 7.38 0.01 6.68 8.70 0.01
2.00 0.00 0.00 0.00 0.00 -10.61 6.62 -12.35 7.27 13.12 -6.52 10.01 -0.64
2.01 0.00 0.00 0.00 0.00 -10.61 6.62 -12.14 7.16 13.72 -6.82 10.04 -1.33
2.03 0.00 0.00 0.00 0.00 -10.60 7.71 -12.14 7.16 0.00 0.00 7.37 -1.33
2.05 0.00 0.00 0.00 0.00 -10.60 7.71 -11.92 7.27 13.10 6.54 7.35 -0.68
2.06 0.00 0.00 0.00 0.00 -10.60 7.71 -11.92 7.27 0.00 -0.00 4.66 -1.36
2.08 0.00 0.00 0.00 0.00 -12.79 7.71 -11.70 7.27 13.48 0.02 6.68 -1.35
2.10 0.00 0.00 0.00 0.00 -12.79 6.62 -11.48 7.17 13.24 -6.56 8.00 -2.01
2.11 0.00 0.00 0.00 0.00 -12.79 6.62 -11.70 7.06 -13.52 -6.75 5.31 -2.69
2.13 0.00 0.00 0.00 0.00 -12.79 6.62 -11.70 7.16 0.01 6.73 5.32 -0.67
2.15 0.00 0.00 0.00 0.00 -12.79 6.62 -11.70 7.06 -0.01 -6.74 5.31 -2.01
2.16 0.00 0.00 0.00 0.00 -12.79 6.62 -11.92 7.06 -13.01 -0.02 2.70 -1.36
2.18 0.00 0.00 0.00 0.00 -13.88 6.62 -12.24 7.05 -20.30 -0.04 -0.70 -0.68
2.19 0.00 0.00 0.00 0.00 -13.88 6.62 -12.57 6.95 -20.47 -6.82 -2.75 -1.36
2.21 0.00 0.00 0.00 0.00 -13.89 5.53 -12.90 6.73 -20.00 -13.30 -6.06 -3.35
2.23 0.00 0.00 0.00 0.00 -14.98 6.61 -13.34 6.62 -26.90 -6.74 -8.75 -4.02
2.24 0.00 0.00 0.00 0.00 -13.88 6.62 -13.45 6.51 -6.90 -6.87 -10.79 -4.71
2.26 0.00 0.00 0.00 0.00 -14.98 7.70 -13.67 6.62 -13.18 6.53 -13.43 -3.40
2.27 0.00 0.00 0.00 0.00 -14.98 7.70 -13.88 6.73 -14.65 7.26 -13.54 -2.00
2.29 0.00 0.00 0.00 0.00 -12.79 6.62 -13.88 6.73 -0.00 0.00 -13.54 -2.67
2.31 0.00 0.00 0.00 0.00 -14.98 7.70 -14.10 6.83 -13.50 6.69 -14.89 -1.33
2.32 0.00 0.00 0.00 0.00 -14.98 6.61 -14.32 6.83 -13.37 -0.03 -14.93 -1.33
2.34 0.00 0.00 0.00 0.00 -13.88 6.62 -14.32 6.83 0.00 0.00 -12.90 -1.33
2.36 0.00 0.00 0.00 0.00 -14.98 6.61 -14.43 6.83 -6.90 -0.02 -11.54 -0.65
2.37 0.00 0.00 0.00 0.00 -14.98 6.61 -14.54 6.94 -6.59 6.55 -10.20 1.34
2.39 0.00 0.00 0.00 0.00 -12.79 6.62 -14.32 6.94 13.51 0.03 -6.16 2.02
2.40 0.00 0.00 0.00 0.00 -14.98 5.53 -14.43 6.83 -6.98 -6.94 -6.17 2.01
2.42 0.00 0.00 0.00 0.00 -14.98 6.61 -14.43 6.72 -0.01 -6.59 -4.85 0.70
2.44 0.00 0.00 0.00 0.00 -12.79 7.71 -14.21 6.72 13.12 0.02 -2.07 -0.03
2.45 0.00 0.00 0.00 0.00 -14.98 6.61 -14.43 6.72 -13.56 -0.03 -3.43 -0.03
2.47 0.00 0.00 0.00 0.00 -13.88 7.70 -14.32 6.72 7.04 0.01 -1.38 -0.70
2.49 0.00 0.00 0.00 0.00 -14.97 8.79 -14.32 6.94 0.02 13.29 -0.04 0.63
2.50 0.00 0.00 0.00 0.00 -11.70 7.71 -14.10 7.05 12.83 6.40 1.25 1.27
2.52 0.00 0.00 0.00 0.00 -12.79 8.79 -13.88 7.27 13.57 13.49 3.29 2.62
2.53 0.00 0.00 0.00 0.00 -11.70 6.62 -13.56 7.27 20.65 0.04 6.02 1.97
2.55 0.00 0.00 0.00 0.00 -12.79 7.71 -13.56 7.38 0.01 6.58 4.67 2.63
2.57 0.00 0.00 0.00 0.00 -14.98 7.70 -13.55 7.60 0.03 13.49 5.37 4.67
2.58 0.00 0.00 0.00 0.00 -14.98 7.70 -13.55 7.71 0.01 6.67 5.37 6.00
2.60 0.00 0.00 0.00 0.00 -12.79 7.71 -13.55 7.71 0.00 0.00 4.06 5.99
2.62 0.00 0.00 0.00 0.00 -12.79 7.71 -13.34 7.81 13.89 6.92 6.81 6.69
2.63 0.00 0.00 0.00 0.00 -12.79 6.62 -13.23 7.71 6.77 -6.73 6.78 6.01
2.65 0.00 0.00 0.00 0.00 -12.79 7.71 -13.01 7.60 13.21 -6.55 8.10 4.03
2.66 0.00 0.00 0.00 0.00 -10.60 7.71 -12.90 7.60 6.70 0.01 7.48 3.39
2.68 0.00 0.00 0.00 0.00 -14.98 7.70 -13.12 7.49 -13.45 -6.70 4.78 1.37
2.70 0.00 0.00 0.00 0.00 -14.97 8.79 -13.45 7.71 -20.09 13.30 0.71 2.70
2.71 0.00 0.00 0.00 0.00 -14.98 7.70 -13.66 7.71 -13.49 -0.02 -0.64 2.04
2.73 0.00 0.00 0.00 0.00 -14.98 7.70 -13.66 7.71 0.00 0.00 -0.64 0.69
2.75 0.00 0.00 0.00 0.00 -12.79 7.71 -13.45 7.71 13.13 0.02 0.67 0.02
2.76 0.00 0.00 0.00 0.00 -12.79 7.71 -13.45 7.71 0.00 0.00 0.67 0.02
2.78 0.00 0.00 0.00 0.00 -14.98 5.53 -13.66 7.49 -13.26 -13.19 -2.05 -1.99
2.79 0.00 0.00 0.00 0.00 -14.98 7.70 -13.88 7.60 -13.35 6.62 -4.06 -0.65
2.81 0.00 0.00 0.00 0.00 -14.98 7.70 -14.10 7.60 -13.71 -0.02 -6.75 0.00
2.83 0.00 0.00 0.00 0.00 -12.79 7.71 -14.32 7.60 -13.34 -0.02 -8.76 -0.00
2.84 0.00 0.00 0.00 0.00 -14.98 7.70 -14.32 7.60 0.00 0.00 -7.41 0.67
2.86 0.00 0.00 0.00 0.00 -12.79 7.71 -14.10 7.49 13.56 -6.72 -4.05 -1.33
2.88 0.00 0.00 0.00 0.00 -14.98 7.70 -14.10 7.49 0.00 0.00 -2.70 -1.33
2.89 0.00 0.00 0.00 0.00 -14.98 7.70 -14.10 7.49 0.00 0.00 -2.70 -1.33
2.91 0.00 0.00 0.00 0.00 -14.98 5.53 -14.32 7.27 -13.29 -13.21 -5.34 -2.66
2.92 0.00 0.00 0.00 0.00 -14.98 6.61 -14.54 7.16 -13.39 -6.67 -6.68 -3.32
2.94 0.00 0.00 0.00 0.00 -14.98 7.70 -14.54 7.38 0.03 13.29 -5.35 -0.67
2.96 0.00 0.00 0.00 0.00 -12.79 6.62 -14.32 7.27 13.89 -6.89 -2.62 -2.03
2.97 0.00 0.00 0.00 0.00 -14.98 6.61 -14.32 7.16 -0.01 -6.51 -1.25 -2.67
2.99 0.00 0.00 0.00 0.00 -14.98 6.61 -14.54 7.05 -13.84 -6.90 -1.30 -3.36
3.01 0.00 0.00 0.00 0.00 -14.98 7.70 -14.54 7.05 -0.00 0.00 -1.30 -3.36
3.02 0.00 0.00 0.00 0.00 -14.98 5.53 -14.76 6.83 -13.56 -13.49 -4.02 -4.04
3.04 0.00 0.00 0.00 0.00 -14.98 6.61 -14.76 6.72 -0.01 -6.78 -4.02 -4.72
3.05 0.00 0.00 0.00 0.00 -14.98 6.61 -14.76 6.61 -0.01 -6.61 -4.02 -5.38
3.07 0.00 0.00 0.00 0.00 -12.79 5.53 -14.54 6.62 13.43 0.03 -1.35 -4.05
3.09 0.00 0.00 0.00 0.00 -12.79 6.62 -14.32 6.62 12.97 0.03 1.29 -3.38
3.10 0.00 0.00 0.00 0.00 -12.79 5.53 -14.10 6.40 14.24 -14.16 2.71 -6.13
3.12 0.00 0.00 0.00 0.00 -12.79 6.62 -14.10 6.40 0.00 0.00 1.32 -5.44
3.14 0.00 0.00 0.00 0.00 -12.79 6.62 -13.88 6.40 13.28 0.03 2.65 -4.79
3.15 0.00 0.00 0.00 0.00 -14.98 6.61 -13.88 6.40 -0.00 -0.00 4.03 -4.10
3.17 0.00 0.00 0.00 0.00 -12.79 6.62 -13.67 6.29 13.35 -6.62 5.37 -4.76
3.19 0.00 0.00 0.00 0.00 -12.79 6.62 -13.45 6.40 14.10 7.04 8.13 -2.71
3.20 0.00 0.00 0.00 0.00 -10.61 6.62 -13.01 6.40 24.86 0.05 10.62 -2.02
3.22 0.00 0.00 0.00 0.00 -10.61 6.62 -12.57 6.40 29.16 0.06 13.54 -1.35
3.23 0.00 0.00 0.00 0.00 -11.70 5.53 -12.46 6.40 6.52 0.02 12.85 -1.36
3.25 0.00 0.00 0.00 0.00 -10.60 7.71 -12.24 6.51 13.65 6.81 12.92 -0.68
3.27 0.00 0.00 0.00 0.00 -11.70 6.62 -12.14 6.62 6.72 6.69 12.16 1.41
3.28 0.00 0.00 0.00 0.00 -10.60 7.71 -11.92 6.73 14.03 7.00 13.57 2.11
3.30 0.00 0.00 0.00 0.00 -12.79 6.62 -11.92 6.73 -0.00 0.00 12.24 2.10
3.31 0.00 0.00 0.00 0.00 -10.61 6.62 -11.48 6.73 26.95 0.05 14.93 2.11
3.33 0.00 0.00 0.00 0.00 -10.60 7.71 -11.26 6.84 13.25 6.61 14.92 3.43
3.35 0.00 0.00 0.00 0.00 -10.60 7.71 -11.04 6.95 13.54 6.76 14.87 3.41
3.36 0.00 0.00 0.00 0.00 -10.61 6.62 -11.04 6.95 -0.00 -0.00 12.38 3.40
3.38 0.00 0.00 0.00 0.00 -12.79 6.62 -11.26 6.95 -13.10 -0.02 8.16 3.39
3.39 0.00 0.00 0.00 0.00 -12.79 7.71 -11.37 7.17 -6.80 13.58 6.82 4.75
3.41 0.00 0.00 0.00 0.00 -12.79 6.62 -11.59 7.06 -13.43 -6.70 4.12 3.40
3.43 0.00 0.00 0.00 0.00 -12.79 7.71 -11.70 7.16 -6.45 6.42 2.80 3.37
3.44 0.00 0.00 0.00 0.00 -12.79 6.62 -11.92 7.06 -13.96 -6.97 -0.00 1.97
3.46 0.00 0.00 0.00 0.00 -10.60 7.71 -11.70 7.16 13.11 6.54 1.31 2.63
3.48 0.00 0.00 0.00 0.00 -10.60 7.71 -11.70 7.27 0.01 6.87 -1.38 3.31
3.49 0.00 0.00 0.00 0.00 -14.98 6.61 -12.13 7.16 -27.07 -6.78 -5.42 1.97
3.51 0.00 0.00 0.00 0.00 -12.79 6.62 -12.35 7.05 -13.51 -6.74 -8.12 0.62
3.52 0.00 0.00 0.00 0.00 -12.79 6.62 -12.57 7.05 -13.34 -0.02 -9.45 0.62
3.54 0.00 0.00 0.00 0.00 -14.98 7.70 -12.79 7.16 -13.47 6.68 -9.49 1.29
3.56 0.00 0.00 0.00 0.00 -14.98 5.53 -13.01 6.94 -13.04 -12.96 -10.11 -1.37
3.57 0.00 0.00 0.00 0.00 -14.98 6.61 -13.23 6.94 -12.92 -0.03 -10.06 -0.70
3.59 0.00 0.00 0.00 0.00 -14.98 5.53 -13.45 6.73 -14.66 -14.58 -10.88 -2.80
3.61 0.00 0.00 0.00 0.00 -14.98 5.53 -13.67 6.62 -13.49 -6.73 -10.84 -2.78
3.62 0.00 0.00 0.00 0.00 -14.98 6.61 -14.10 6.51 -23.97 -6.00 -14.55 -4.03
3.64 0.00 0.00 0.00 0.00 -14.98 6.61 -14.54 6.40 -30.18 -7.56 -17.56 -5.47
3.66 0.00 0.00 0.00 0.00 -12.79 5.53 -14.32 6.29 13.35 -6.61 -13.52 -5.46
3.67 0.00 0.00 0.00 0.00 -14.98 6.61 -14.54 6.29 -13.33 -0.03 -13.50 -4.79
3.69 0.00 0.00 0.00 0.00 -14.98 5.53 -14.76 6.18 -13.63 -6.80 -13.53 -5.46
3.70 0.00 0.00 0.00 0.00 -14.98 6.61 -14.76 6.07 -0.01 -6.66 -12.19 -6.80
3.72 0.00 0.00 0.00 0.00 -14.98 6.61 -14.76 6.18 0.02 6.67 -10.88 -4.83
3.74 0.00 0.00 0.00 0.00 -12.79 6.62 -14.54 6.18 13.46 0.03 -8.24 -4.83
3.75 0.00 0.00 0.00 0.00 -12.79 6.62 -14.32 6.29 13.70 6.84 -5.41 -2.69
3.77 0.00 0.00 0.00 0.00 -14.98 6.61 -14.32 6.40 0.02 6.67 -4.06 -1.35
3.79 0.00 0.00 0.00 0.00 -12.79 5.53 -14.10 6.29 13.20 -6.54 -0.34 -1.40
3.80 0.00 0.00 0.00 0.00 -14.98 7.70 -14.10 6.40 0.01 6.73 2.68 0.03
3.82 0.00 0.00 0.00 0.00 -10.61 5.54 -13.89 6.40 13.54 0.03 2.70 0.69
3.83 0.00 0.00 0.00 0.00 -12.79 6.62 -13.67 6.40 13.23 0.03 5.35 0.70
3.85 0.00 0.00 0.00 0.00 -12.79 6.62 -13.45 6.51 13.69 6.83 8.09 2.06
3.87 0.00 0.00 0.00 0.00 -11.70 7.71 -13.12 6.62 20.69 6.89 10.16 3.42
3.88 0.00 0.00 0.00 0.00 -11.70 7.71 -12.79 6.73 20.22 6.74 12.18 3.43
3.90 0.00 0.00 0.00 0.00 -10.61 6.62 -12.57 6.73 12.63 0.02 12.09 3.42
3.91 0.00 0.00 0.00 0.00 -10.61 6.62 -12.35 6.73 14.43 0.03 12.17 2.74
3.93 0.00 0.00 0.00 0.00 -10.61 6.62 -11.92 6.73 26.65 0.05 14.83 2.08
3.95 0.00 0.00 0.00 0.00 -10.60 7.71 -11.70 6.95 12.54 12.49 14.76 3.99
3.96 0.00 0.00 0.00 0.00 -10.60 7.71 -11.26 6.95 28.16 0.04 17.58 3.32
3.98 0.00 0.00 0.00 0.00 -10.60 7.71 -11.26 7.17 0.02 13.23 16.23 4.64
4.00 0.00 0.00 0.00 0.00 -10.61 6.62 -11.04 7.17 14.11 0.03 16.31 4.64
4.01 0.00 0.00 0.00 0.00 -10.60 7.71 -10.82 7.27 13.26 6.62 16.27 4.61
4.03 0.00 0.00 0.00 0.00 -10.61 6.62 -10.71 7.17 6.55 -6.53 14.86 3.27
4.05 0.00 0.00 0.00 0.00 -11.70 6.62 -10.72 7.06 -0.01 -6.79 12.83 1.92
4.06 0.00 0.00 0.00 0.00 -10.61 6.62 -10.72 7.06 0.00 0.00 11.57 1.92
4.08 0.00 0.00 0.00 0.00 -10.60 7.71 -10.71 7.17 0.01 6.72 10.13 2.59
4.09 0.00 0.00 0.00 0.00 -10.60 7.71 -10.71 7.28 0.01 6.64 7.47 3.25
4.11 0.00 0.00 0.00 0.00 -10.61 6.62 -10.71 7.17 -0.01 -6.72 6.21 1.32
4.13 0.00 0.00 0.00 0.00 -10.60 7.71 -10.71 7.17 -0.00 0.00 3.39 1.32
4.14 0.00 0.00 0.00 0.00 -10.61 6.62 -10.72 7.06 -0.01 -6.54 3.39 -0.66
4.16 0.00 0.00 0.00 0.00 -12.79 5.53 -10.93 6.95 -13.80 -6.90 0.60 -1.35
4.18 0.00 0.00 0.00 0.00 -10.60 7.71 -10.93 6.95 0.00 0.00 -0.73 -2.01
4.19 0.00 0.00 0.00 0.00 -10.61 6.62 -10.93 6.95 0.00 0.00 -1.38 -1.36
4.21 0.00 0.00 0.00 0.00 -14.98 6.61 -11.26 6.95 -20.03 -0.04 -3.38 -0.68
4.22 0.00 0.00 0.00 0.00 -10.61 6.62 -11.26 6.95 0.00 0.00 -3.38 -0.68
4.24 0.00 0.00 0.00 0.00 -11.70 6.62 -11.37 6.84 -6.52 -6.50 -4.04 -2.00
4.26 0.00 0.00 0.00 0.00 -12.79 7.71 -11.59 6.84 -13.91 -0.02 -5.43 -2.67
4.27 0.00 0.00 0.00 0.00 -12.79 6.62 -11.81 6.84 -14.40 -0.03 -6.87 -2.00
4.29 0.00 0.00 0.00 0.00 -14.98 5.53 -12.25 6.62 -26.24 -13.10 -9.49 -3.31
4.30 0.00 0.00 0.00 0.00 -14.98 6.61 -12.68 6.62 -26.28 -0.05 -12.12 -2.66
4.32 0.00 0.00 0.00 0.00 -14.98 6.61 -12.90 6.73 -14.01 6.94 -12.14 -1.28
4.34 0.00 0.00 0.00 0.00 -14.98 5.53 -13.34 6.51 -27.36 -13.66 -14.88 -2.65
4.35 0.00 0.00 0.00 0.00 -14.98 5.53 -13.78 6.40 -26.58 -6.67 -17.53 -3.31
4.37 0.00 0.00 0.00 0.00 -14.98 6.61 -13.78 6.40 0.00 0.00 -15.53 -3.31
4.39 0.00 0.00 0.00 0.00 -14.98 6.61 -14.21 6.40 -26.32 -0.05 -18.16 -3.31
4.40 0.00 0.00 0.00 0.00 -12.79 5.53 -14.32 6.29 -6.66 -6.63 -18.18 -3.33
4.42 0.00 0.00 0.00 0.00 -14.98 5.53 -14.54 6.07 -13.42 -13.34 -18.13 -4.66
4.43 0.00 0.00 0.00 0.00 -14.98 7.70 -14.76 6.18 -13.77 6.82 -18.06 -3.97
4.45 0.00 0.00 0.00 0.00 -14.98 5.53 -14.76 6.18 0.00 0.00 -15.44 -2.66
4.47 0.00 0.00 0.00 0.00 -12.79 6.62 -14.54 6.18 12.80 0.03 -11.53 -2.66
4.48 0.00 0.00 0.00 0.00 -14.98 5.53 -14.54 6.07 -0.02 -6.88 -10.13 -4.04
4.50 0.00 0.00 0.00 0.00 -12.79 5.53 -14.32 6.07 13.84 0.04 -6.01 -2.67
4.52 0.00 0.00 0.00 0.00 -14.98 6.61 -14.32 6.18 0.02 6.56 -3.35 -1.35
4.53 0.00 0.00 0.00 0.00 -12.79 5.53 -14.10 6.07 13.50 -6.69 -2.00 -2.01
4.55 0.00 0.00 0.00 0.00 -14.98 5.53 -14.10 5.96 -0.02 -6.82 0.63 -2.69
4.56 0.00 0.00 0.00 0.00 -14.98 5.53 -14.32 5.96 -13.46 -0.03 -0.05 -2.03
4.58 0.00 0.00 0.00 0.00 -12.79 5.53 -14.10 5.96 13.10 0.03 2.60 -0.69
4.60 0.00 0.00 0.00 0.00 -12.79 6.62 -13.89 5.85 13.58 -6.73 5.34 -2.05
4.61 0.00 0.00 0.00 0.00 -10.61 5.54 -13.45 5.86 27.42 0.07 8.08 -2.04
4.63 0.00 0.00 0.00 0.00 -12.79 6.62 -13.45 5.86 0.00 0.00 6.80 -2.05
4.65 0.00 0.00 0.00 0.00 -12.79 5.53 -13.23 5.86 13.30 0.03 8.13 -1.35
4.66 0.00 0.00 0.00 0.00 -10.61 6.62 -13.01 5.97 13.69 6.84 8.11 -0.67
4.68 0.00 0.00 0.00 0.00 -12.79 6.62 -12.79 5.97 13.27 0.03 9.44 -1.33
4.69 0.00 0.00 0.00 0.00 -10.61 6.62 -12.57 6.08 13.75 6.87 9.46 0.03
4.71 0.00 0.00 0.00 0.00 -10.61 5.54 -12.14 6.08 26.11 0.06 12.08 0.72
4.73 0.00 0.00 0.00 0.00 -12.79 6.62 -11.92 6.19 13.99 6.98 14.82 1.42
4.74 0.00 0.00 0.00 0.00 -10.61 6.62 -11.70 6.29 13.40 6.69 14.85 2.08
4.76 0.00 0.00 0.00 0.00 -10.61 5.54 -11.48 6.19 13.08 -6.50 14.80 2.11
4.78 0.00 0.00 0.00 0.00 -10.60 7.71 -11.48 6.40 0.02 13.56 12.06 3.46
4.79 0.00 0.00 0.00 0.00 -10.61 6.62 -11.26 6.40 13.30 0.02 13.39 3.46
4.81 0.00 0.00 0.00 0.00 -10.60 7.71 -11.04 6.62 13.41 13.36 13.40 4.79
4.83 0.00 0.00 0.00 0.00 -10.61 6.62 -11.04 6.62 0.00 -0.00 12.03 4.11
4.84 0.00 0.00 0.00 0.00 -10.61 6.62 -10.83 6.62 12.98 0.02 12.00 4.11
4.86 0.00 0.00 0.00 0.00 -10.61 6.62 -10.83 6.62 0.00 0.00 10.63 3.42
4.87 0.00 0.00 0.00 0.00 -10.61 6.62 -10.82 6.73 0.01 6.88 8.02 4.10
4.89 0.00 0.00 0.00 0.00 -10.61 6.62 -10.61 6.73 13.29 0.02 7.95 3.41
4.91 0.00 0.00 0.00 0.00 -10.61 5.54 -10.61 6.62 -0.01 -6.69 6.61 2.07
4.92 0.00 0.00 0.00 0.00 -10.61 6.62 -10.61 6.73 0.01 6.75 5.30 3.39
4.94 0.00 0.00 0.00 0.00 -10.61 6.62 -10.61 6.62 -0.01 -6.62 5.30 1.37
4.95 0.00 0.00 0.00 0.00 -10.61 5.54 -10.61 6.51 -0.01 -6.69 3.97 0.70
4.97 0.00 0.00 0.00 0.00 -10.61 5.54 -10.61 6.30 -0.02 -13.17 2.62 -1.95
4.99 0.00 0.00 0.00 0.00 -12.79 6.62 -10.83 6.30 -13.77 -0.03 1.25 -1.95
5.00 0.00 0.00 0.00 0.00 -10.61 6.62 -10.83 6.30 -0.00 0.00 -0.05 -1.95
5.02 80.00 0.00 0.00 0.00 -12.79 5.53 -11.04 6.19 -13.64 -6.81 -1.41 -2.64
5.04 80.00 0.00 0.00 0.00 -10.61 6.62 -11.04 6.19 -0.00 0.00 -1.42 -3.32
5.05 80.00 0.00 0.00 0.00 -12.79 6.62 -11.26 6.19 -12.69 -0.02 -4.01 -3.33
5.07 80.00 0.00 0.00 0.00 -12.79 5.53 -11.48 6.19 -13.66 -0.03 -5.38 -2.66
5.08 80.00 0.00 0.00 0.00 -11.70 6.62 -11.59 6.19 -6.74 -0.01 -6.05 -3.34
5.10 80.00 0.00 0.00 0.00 -10.61 5.54 -11.59 6.08 -0.01 -6.90 -6.05 -3.37
5.12 80.00 0.00 0.00 0.00 -14.98 5.53 -12.03 6.08 -27.11 -0.06 -8.76 -2.70
5.13 80.00 0.00 0.00 0.00 -10.61 6.62 -12.03 6.19 0.01 6.46 -8.76 -0.74
5.15 80.00 0.00 0.00 0.00 -10.61 5.54 -11.81 6.08 13.59 -6.75 -6.03 -1.41
5.17 80.00 0.00 0.00 0.00 -10.61 5.54 -11.81 5.97 -0.01 -6.59 -6.03 -2.07
5.18 80.00 0.00 0.00 0.00 -10.61 5.54 -11.59 5.97 13.50 0.03 -3.31 -1.39
5.20 80.00 0.00 0.00 0.00 -10.61 4.45 -11.59 5.75 -0.03 -13.57 -3.32 -2.74
5.22 80.00 0.00 0.00 0.00 -9.52 3.36 -11.26 5.43 19.94 -19.87 -0.05 -4.73
5.23 80.00 0.00 0.00 0.00 -9.52 5.54 -10.94 5.43 19.50 0.04 3.26 -4.72
5.25 80.00 0.00 0.00 0.00 -10.61 4.45 -10.83 5.21 7.05 -14.11 4.64 -6.13
5.26 80.00 0.00 0.00 0.00 -6.25 5.54 -10.39 5.21 25.18 0.04 7.16 -5.44
5.28 80.00 0.00 0.00 0.00 -6.25 5.54 -9.52 5.21 60.00 0.12 15.87 -5.42
5.29 80.00 0.00 0.00 0.00 -6.26 4.46 -9.09 4.99 27.15 -13.52 18.59 -7.42
5.31 80.00 0.00 0.00 0.00 -6.26 4.46 -8.65 4.89 27.19 -6.74 19.95 -7.42
5.33 80.00 0.00 0.00 0.00 -4.08 4.46 -8.00 4.78 38.62 -6.37 23.81 -7.39
5.34 80.00 0.00 0.00 0.00 -3.00 4.46 -7.24 4.67 47.67 -6.73 27.23 -8.07
5.36 80.00 0.00 0.00 0.00 -1.91 5.55 -6.37 4.78 54.01 6.82 32.63 -6.03
5.38 80.00 0.00 0.00 0.00 0.26 5.55 -5.39 5.00 57.97 12.96 36.43 -2.75
5.39 80.00 0.00 0.00 0.00 -1.91 5.55 -4.63 5.00 47.73 0.06 39.26 -2.75
5.41 80.00 0.00 0.00 0.00 0.26 5.55 -3.54 5.11 66.10 6.69 45.16 -0.67
5.42 80.00 0.00 0.00 0.00 2.43 5.55 -2.67 5.11 54.01 0.03 48.04 -0.67
5.44 80.00 0.00 0.00 0.00 2.43 4.46 -1.80 5.00 54.38 -6.77 47.48 -1.36
5.46 80.00 0.00 0.00 0.00 2.43 5.55 -0.94 5.11 52.46 6.60 50.01 0.66
5.47 80.00 0.00 0.00 0.00 4.60 5.55 0.15 5.22 67.46 6.79 54.04 2.01
5.49 80.00 0.00 0.00 0.00 6.77 5.55 1.23 5.33 64.40 6.46 56.62 3.29
5.51 80.00 0.00 0.00 0.00 6.76 6.63 2.21 5.55 61.74 13.73 58.03 5.34
5.52 80.00 0.00 0.00 0.00 6.76 6.63 3.08 5.66 52.48 6.56 57.87 5.31
5.54 80.00 0.00 0.00 0.00 11.11 6.63 4.16 5.76 69.24 6.89 59.00 4.70
5.56 80.00 0.00 0.00 0.00 11.11 6.63 5.46 5.87 79.95 6.64 62.22 5.36
5.57 80.00 0.00 0.00 0.00 15.47 6.62 6.99 5.98 92.34 6.52 64.85 5.34
5.59 80.00 0.00 0.00 0.00 13.29 6.63 8.07 6.09 67.56 6.70 66.20 6.01
5.60 80.00 0.00 0.00 0.00 15.47 6.62 9.37 6.30 79.50 13.16 68.71 8.00
5.62 80.00 0.00 0.00 0.00 15.47 6.62 10.68 6.41 78.62 6.47 71.33 7.99
5.64 80.00 0.00 0.00 0.00 15.47 6.62 11.77 6.52 67.90 6.70 71.37 7.98
5.65 80.00 0.00 0.00 0.00 19.84 7.70 13.07 6.73 81.06 13.36 73.04 8.67
5.67 80.00 0.00 0.00 0.00 19.84 6.61 14.38 6.73 79.56 -0.12 74.82 7.29
5.68 80.00 0.00 0.00 0.00 22.04 5.52 15.91 6.62 95.44 -6.97 79.12 5.93
5.70 80.00 0.00 0.00 0.00 22.04 6.61 17.00 6.62 67.52 -0.13 78.95 5.23
5.72 80.00 0.00 0.00 0.00 24.25 5.51 18.32 6.51 79.77 -6.80 78.93 3.89
5.73 80.00 0.00 0.00 0.00 24.25 5.51 19.19 6.39 53.91 -6.83 75.08 2.55
5.75 80.00 0.00 0.00 0.00 26.46 6.59 20.51 6.39 83.30 -0.20 76.66 1.86
5.77 80.00 0.00 0.00 0.00 28.68 6.59 21.83 6.39 75.65 -0.20 76.27 0.53
5.78 80.00 0.00 0.00 0.00 28.68 6.59 23.15 6.38 86.36 -0.23 77.05 -0.14
5.80 80.00 0.00 0.00 0.00 30.91 6.58 24.70 6.38 93.15 -0.27 79.57 -0.84
5.82 80.00 0.00 0.00 0.00 30.92 5.48 25.81 6.16 70.21 -14.07 78.49 -3.58
5.83 80.00 0.00 0.00 0.00 33.16 5.47 27.14 6.04 80.89 -6.94 78.62 -4.26
5.85 80.00 0.00 0.00 0.00 33.16 5.47 28.25 6.04 68.30 -0.28 75.91 -3.60
5.86 80.00 0.00 0.00 0.00 33.16 5.47 29.36 5.93 69.31 -7.09 76.09 -4.29
5.88 80.00 0.00 0.00 0.00 37.69 4.34 30.71 5.81 80.56 -6.99 76.16 -4.31
5.90 80.00 0.00 0.00 0.00 37.70 3.24 32.05 5.58 83.95 -14.17 79.17 -5.04
5.91 80.00 0.00 0.00 0.00 37.69 4.34 33.17 5.36 69.17 -13.86 77.75 -6.41
5.93 80.00 0.00 0.00 0.00 39.97 4.33 34.30 5.13 68.26 -13.66 77.02 -7.76
5.95 80.00 0.00 0.00 0.00 39.97 4.33 35.43 4.90 70.61 -14.13 75.44 -9.14
5.96 80.00 0.00 0.00 0.00 42.26 5.42 36.57 4.79 68.94 -7.05 73.02 -9.82
5.98 80.00 0.00 0.00 0.00 42.27 4.31 37.70 4.67 69.10 -7.13 72.91 -9.13
5.99 80.00 0.00 0.00 0.00 42.28 3.20 38.62 4.44 56.08 -13.95 70.43 -9.83
6.01 80.00 0.00 0.00 0.00 44.59 3.18 39.76 4.22 72.62 -14.55 70.86 -11.26
6.03 80.00 0.00 0.00 0.00 46.91 4.27 41.13 4.10 84.54 -7.36 72.38 -11.28
6.04 80.00 0.00 0.00 0.00 46.93 3.16 42.06 3.98 56.48 -7.24 69.98 -11.31
6.06 80.00 0.00 0.00 0.00 49.26 4.25 43.21 4.08 70.16 6.14 68.60 -9.28
6.08 80.00 0.00 0.00 0.00 49.28 3.13 44.37 3.96 70.50 -7.35 68.73 -8.63
6.09 80.00 0.00 0.00 0.00 49.28 3.13 45.30 3.84 59.25 -7.59 67.83 -8.02
6.11 80.00 0.00 0.00 0.00 49.26 4.25 46.23 3.83 56.32 -0.46 66.40 -6.65
6.12 80.00 0.00 0.00 0.00 51.65 3.11 47.17 3.60 57.46 -14.13 65.25 -7.36
6.14 80.00 0.00 0.00 0.00 54.07 0.83 48.35 3.25 72.36 -21.32 65.58 -8.78
6.16 80.00 0.00 0.00 0.00 54.05 1.96 49.53 3.13 72.87 -7.69 67.26 -8.16
6.17 80.00 0.00 0.00 0.00 54.05 1.96 50.47 3.01 56.44 -7.29 65.64 -7.43
6.19 80.00 0.00 0.00 0.00 56.47 1.93 51.43 2.77 60.94 -14.96 63.28 -8.19
6.21 80.00 0.00 0.00 0.00 56.45 3.05 52.38 2.76 58.47 -0.63 63.48 -7.53
6.22 80.00 0.00 0.00 0.00 58.90 1.89 53.34 2.53 59.84 -14.64 62.44 -9.61
6.24 80.00 0.00 0.00 0.00 58.89 3.03 54.31 2.51 59.50 -0.67 61.34 -8.94
6.25 80.00 0.00 0.00 0.00 58.89 3.03 55.27 2.50 58.63 -0.67 61.28 -8.25
6.27 80.00 0.00 0.00 0.00 58.90 1.89 56.23 2.27 63.08 -15.43 61.96 -9.74
6.29 80.00 0.00 0.00 0.00 58.90 1.89 56.96 2.15 43.44 -7.28 60.56 -9.06
6.30 80.00 0.00 0.00 0.00 61.37 1.86 57.69 2.25 45.56 6.40 57.88 -6.29
6.32 80.00 0.00 0.00 0.00 63.88 0.68 58.67 2.12 60.86 -7.91 56.68 -6.31
6.33 80.00 0.00 0.00 0.00 63.86 1.82 59.65 2.11 58.53 -0.82 56.88 -5.66
6.35 80.00 0.00 0.00 0.00 63.88 0.68 60.39 1.98 48.29 -8.12 55.62 -4.98
6.37 80.00 0.00 0.00 0.00 63.86 1.82 61.13 1.86 43.79 -7.29 54.15 -5.64
6.38 80.00 0.00 0.00 0.00 66.38 1.78 61.88 1.85 47.57 -0.71 52.92 -4.25
6.40 80.00 0.00 0.00 0.00 66.38 1.78 62.63 1.72 43.87 -7.28 51.36 -4.91
6.42 80.00 0.00 0.00 0.00 63.88 0.68 63.13 1.49 30.50 -14.33 48.55 -6.28
6.43 80.00 0.00 0.00 0.00 68.93 1.74 64.13 1.47 64.24 -0.98 48.66 -4.83
6.45 80.00 0.00 0.00 0.00 68.93 1.74 65.14 1.46 62.58 -0.95 50.58 -4.20
6.46 80.00 0.00 0.00 0.00 68.91 2.89 65.89 1.56 45.91 6.28 50.61 -4.21
6.48 80.00 0.00 0.00 0.00 68.91 2.89 66.39 1.78 30.91 13.57 47.62 -2.06
6.50 80.00 0.00 0.00 0.00 68.93 1.74 66.90 1.78 31.25 -0.49 44.89 -2.03
6.51 80.00 0.00 0.00 0.00 68.95 0.59 67.41 1.77 31.07 -0.55 43.17 -1.27
6.53 80.00 0.00 0.00 0.00 68.91 2.89 67.91 1.87 31.70 6.71 41.96 0.13
6.55 80.00 0.00 0.00 0.00 71.52 1.70 68.43 1.86 31.27 -0.51 40.33 0.15
6.56 80.00 0.00 0.00 0.00 68.93 1.74 68.68 1.86 15.49 -0.25 37.49 0.85
6.58 80.00 0.00 0.00 0.00 71.52 1.70 69.45 1.96 46.83 6.24 39.13 2.91
6.59 80.00 0.00 0.00 0.00 71.50 2.85 69.70 2.07 15.52 6.72 34.25 3.68
6.61 80.00 0.00 0.00 0.00 74.14 1.65 70.22 2.06 33.54 -0.57 31.35 3.71
6.63 80.00 0.00 0.00 0.00 74.14 1.65 70.75 1.94 32.10 -7.61 29.97 2.33
6.64 80.00 0.00 0.00 0.00 74.10 3.97 71.26 2.05 31.70 6.60 30.05 1.63
6.66 80.00 0.00 0.00 0.00 74.14 1.65 71.78 2.04 31.32 -0.54 30.05 1.62
6.68 80.00 0.00 0.00 0.00 74.10 3.97 72.30 2.38 32.75 21.52 30.22 3.83
6.69 80.00 0.00 0.00 0.00 74.14 1.65 72.82 2.25 31.01 -7.35 30.15 2.43
6.71 80.00 0.00 0.00 0.00 74.29 -4.16 73.10 1.67 17.32 -36.63 28.76 -1.19
6.72 80.00 0.00 0.00 0.00 74.10 3.97 73.61 1.89 31.52 13.60 30.36 0.20
6.74 80.00 0.00 0.00 0.00 74.12 2.81 73.87 2.00 16.24 6.96 27.30 0.27
6.76 80.00 0.00 0.00 0.00 72.78 3.99 74.00 2.12 7.87 6.95 26.53 0.29
6.77 80.00 0.00 0.00 0.00 74.10 3.97 74.00 2.35 -0.26 14.27 23.16 1.78
6.79 80.00 0.00 0.00 0.00 74.10 3.97 73.99 2.58 -0.26 14.43 19.92 3.98
6.81 80.00 0.00 0.00 0.00 74.10 3.97 73.99 2.58 0.00 0.00 16.75 3.32
6.82 80.00 0.00 0.00 0.00 74.08 5.13 73.99 2.93 -0.34 20.54 13.58 5.43
6.84 80.00 0.00 0.00 0.00 74.10 3.97 73.99 2.93 0.00 0.00 10.31 3.28
6.85 80.00 0.00 0.00 0.00 74.10 3.97 73.98 3.16 -0.26 14.30 7.18 5.44
6.87 80.00 0.00 0.00 0.00 74.10 3.97 73.96 3.97 -1.18 50.26 5.33 14.13
6.89 80.00 0.00 0.00 0.00 74.10 3.97 73.96 3.97 0.00 0.00 2.18 12.77
6.90 80.00 0.00 0.00 0.00 74.08 5.13 73.96 4.20 -0.22 14.30 0.53 13.50
6.92 80.00 0.00 0.00 0.00 74.05 7.44 74.09 4.55 7.87 21.38 0.54 14.95
6.94 80.00 0.00 0.00 0.00 74.08 5.13 74.09 4.66 -0.10 7.16 0.55 14.24
6.95 80.00 0.00 0.00 0.00 74.04 8.59 74.08 5.13 -0.31 27.69 0.55 15.56
6.97 80.00 0.00 0.00 0.00 74.06 6.28 74.08 5.36 -0.20 14.60 0.53 17.02
6.98 80.00 0.00 0.00 0.00 74.06 6.28 74.08 5.47 -0.09 7.05 0.55 15.68
7.00 80.00 0.00 0.00 0.00 76.72 6.26 74.34 5.70 16.02 13.97 2.15 17.07
7.02 80.00 0.00 0.00 0.00 76.71 7.42 74.60 6.05 16.57 21.88 3.84 17.83
7.03 80.00 0.00 0.00 0.00 76.71 7.42 74.86 6.39 15.55 20.54 5.51 14.86
7.05 80.00 0.00 0.00 0.00 74.05 7.44 74.86 6.74 -0.27 22.10 5.48 17.07
7.07 80.00 0.00 0.00 0.00 74.14 1.65 74.86 6.39 0.35 -20.65 5.54 13.57
7.08 80.00 0.00 0.00 0.00 76.71 7.42 75.13 6.39 16.80 -0.13 6.43 11.42
7.10 80.00 0.00 0.00 0.00 76.71 7.42 75.39 6.62 15.71 13.70 8.01 12.08
7.11 80.00 0.00 0.00 0.00 76.72 6.26 75.66 6.38 16.37 -14.31 9.68 7.88
7.13 80.00 0.00 0.00 0.00 74.05 7.44 75.66 6.50 -0.07 7.40 9.69 7.16
7.15 80.00 0.00 0.00 0.00 79.40 7.40 76.19 6.61 32.18 6.71 12.92 7.12
7.16 80.00 0.00 0.00 0.00 76.71 7.42 76.19 6.73 -0.07 7.09 11.31 6.43
7.18 80.00 0.00 0.00 0.00 79.43 5.06 76.46 6.49 16.84 -14.58 11.34 2.79
7.20 80.00 0.00 0.00 0.00 76.72 6.26 76.46 6.37 0.07 -7.02 9.79 0.03
7.21 80.00 0.00 0.00 0.00 76.73 5.09 76.73 6.14 16.65 -14.56 11.48 -3.64
7.23 80.00 0.00 0.00 0.00 79.41 6.23 77.26 6.60 32.14 27.89 14.66 1.22
7.25 80.00 0.00 0.00 0.00 79.41 6.23 77.53 6.48 17.09 -7.51 14.69 0.48
7.26 80.00 0.00 0.00 0.00 76.72 6.26 77.53 6.36 0.07 -6.86 13.13 -1.57
7.28 80.00 0.00 0.00 0.00 79.40 7.40 77.80 6.48 18.11 7.70 13.30 0.63
7.29 80.00 0.00 0.00 0.00 79.41 6.23 78.33 6.36 32.23 -7.28 16.53 -0.84
7.31 80.00 0.00 0.00 0.00 76.71 7.42 78.06 6.36 -16.94 0.14 11.62 -1.50
7.33 80.00 0.00 0.00 0.00 76.71 7.42 78.06 6.36 0.00 0.00 11.63 -2.21
7.34 80.00 0.00 0.00 0.00 76.71 7.42 77.79 6.59 -16.64 14.41 8.28 0.69
7.36 80.00 0.00 0.00 0.00 79.43 5.06 78.06 6.47 16.79 -7.41 9.95 0.65
7.37 80.00 0.00 0.00 0.00 79.41 6.23 78.33 6.59 16.66 7.06 9.95 2.81
7.39 80.00 0.00 0.00 0.00 76.72 6.26 78.06 6.59 -16.67 0.17 5.07 0.04
7.41 80.00 0.00 0.00 0.00 79.41 6.23 78.06 6.59 0.00 0.00 3.36 0.79
7.42 80.00 0.00 0.00 0.00 79.41 6.23 78.33 6.59 16.78 -0.17 5.03 1.46
7.44 80.00 0.00 0.00 0.00 79.43 5.06 78.33 6.35 0.18 -14.67 3.24 -0.78
7.45 80.00 0.00 0.00 0.00 79.43 5.06 78.34 6.24 0.09 -7.00 0.03 -0.75
7.47 80.00 0.00 0.00 0.00 79.47 2.72 78.61 5.77 17.31 -29.43 3.45 -3.70
7.49 80.00 0.00 0.00 0.00 79.41 6.23 78.88 5.65 16.55 -7.27 5.11 -4.43
7.50 80.00 0.00 0.00 0.00 76.73 5.09 78.88 5.42 0.16 -13.88 6.79 -7.26
7.52 80.00 0.00 0.00 0.00 76.88 -1.90 78.63 4.72 -15.96 -43.60 3.51 -10.88
7.54 80.00 0.00 0.00 0.00 79.41 6.23 78.63 4.72 0.00 0.00 1.85 -11.58
7.55 80.00 0.00 0.00 0.00 79.41 6.23 78.90 4.72 17.02 -0.18 5.21 -11.62
7.57 80.00 0.00 0.00 0.00 79.41 6.23 78.90 4.72 -0.00 0.00 5.21 -11.62
7.58 80.00 0.00 0.00 0.00 76.72 6.26 78.63 4.72 -16.89 0.17 1.85 -11.58
7.60 80.00 0.00 0.00 0.00 79.43 5.06 78.63 4.72 0.00 0.00 1.83 -10.12
7.62 80.00 0.00 0.00 0.00 76.72 6.26 78.36 4.84 -16.78 7.40 0.14 -8.68
7.63 80.00 0.00 0.00 0.00 79.45 3.89 78.36 4.96 -0.13 6.95 -1.60 -5.04
7.65 80.00 0.00 0.00 0.00 79.41 6.23 78.36 4.96 0.00 0.00 -3.26 -4.31
7.67 80.00 0.00 0.00 0.00 76.72 6.26 78.36 5.07 -0.09 7.26 -3.28 -2.20
7.68 80.00 0.00 0.00 0.00 76.73 5.09 78.34 5.77 -0.89 42.14 -1.78 6.37
7.70 80.00 0.00 0.00 0.00 76.73 5.09 78.07 5.66 -16.70 -7.07 -3.45 5.67
7.71 80.00 0.00 0.00 0.00 76.72 6.26 77.80 5.66 -16.73 0.17 -6.82 5.70
7.73 80.00 0.00 0.00 0.00 78.06 6.24 77.67 5.66 -8.40 0.09 -7.66 5.71
7.75 80.00 0.00 0.00 0.00 76.71 7.42 77.67 5.78 -0.07 7.12 -5.98 6.41
7.76 80.00 0.00 0.00 0.00 76.72 6.26 77.40 5.90 -16.58 7.31 -7.64 7.14
7.78 80.00 0.00 0.00 0.00 76.72 6.26 77.40 5.90 0.00 0.00 -5.96 6.40
7.80 80.00 0.00 0.00 0.00 75.39 6.27 76.99 6.14 -25.10 14.70 -8.46 7.17
7.81 80.00 0.00 0.00 0.00 74.08 5.13 76.46 6.03 -33.10 -6.84 -11.77 6.49
7.83 80.00 0.00 0.00 0.00 74.08 5.13 76.19 5.91 -16.18 -6.93 -13.37 5.07
7.85 80.00 0.00 0.00 0.00 74.10 3.97 75.93 5.80 -16.04 -6.84 -14.89 0.17
7.86 80.00 0.00 0.00 0.00 76.72 6.26 75.93 5.92 -0.09 7.23 -13.23 1.60
7.88 80.00 0.00 0.00 0.00 76.71 7.42 75.93 6.03 -0.07 7.04 -11.56 2.29
7.89 80.00 0.00 0.00 0.00 74.10 3.97 75.53 5.81 -24.59 -14.10 -13.18 0.87
7.91 80.00 0.00 0.00 0.00 76.72 6.26 75.53 5.69 0.07 -6.92 -13.17 -0.54
7.93 80.00 0.00 0.00 0.00 74.05 7.44 75.27 5.81 -17.36 7.70 -13.25 -0.50
7.94 80.00 0.00 0.00 0.00 74.06 6.28 75.00 5.81 -16.26 0.16 -14.87 -0.48
7.96 80.00 0.00 0.00 0.00 75.40 5.11 75.00 5.70 0.09 -6.91 -12.35 -2.64
7.98 80.00 0.00 0.00 0.00 74.06 6.28 75.00 5.81 -0.09 7.28 -9.05 -1.23
7.99 80.00 0.00 0.00 0.00 76.71 7.42 75.26 6.04 15.48 13.50 -5.89 0.81
8.01 80.00 0.00 0.00 0.00 74.10 3.97 75.26 6.04 -0.00 0.00 -4.28 1.50
8.02 80.00 0.00 0.00 0.00 79.40 7.40 75.53 6.15 16.44 6.99 -2.63 1.47
8.04 80.00 0.00 0.00 0.00 76.72 6.26 75.53 6.04 0.07 -7.14 -2.61 0.05
8.06 80.00 0.00 0.00 0.00 76.73 5.09 75.80 6.15 16.31 6.96 1.48 2.16
8.07 80.00 0.00 0.00 0.00 76.72 6.26 75.80 6.15 0.00 0.00 1.47 2.85
8.09 80.00 0.00 0.00 0.00 76.72 6.26 76.06 6.03 16.36 -7.26 4.84 1.36
8.11 80.00 0.00 0.00 0.00 76.72 6.26 76.33 6.03 16.07 -0.16 8.07 1.32
8.12 80.00 0.00 0.00 0.00 79.40 7.40 76.73 6.26 25.37 14.50 10.60 3.47
8.14 80.00 0.00 0.00 0.00 76.72 6.26 76.99 6.26 16.47 -0.16 12.26 2.72
8.15 80.00 0.00 0.00 0.00 76.73 5.09 77.00 6.02 0.17 -14.16 10.73 -0.04
8.17 80.00 0.00 0.00 0.00 76.72 6.26 77.26 6.25 16.01 13.96 12.33 1.35
8.19 80.00 0.00 0.00 0.00 76.72 6.26 76.99 6.14 -16.77 -7.13 9.01 -0.06
8.20 80.00 0.00 0.00 0.00 76.73 5.09 76.99 6.02 0.09 -7.12 9.01 -0.06
8.22 80.00 0.00 0.00 0.00 76.72 6.26 76.99 6.14 -0.09 7.11 7.37 -0.04
8.24 80.00 0.00 0.00 0.00 79.40 7.40 77.26 6.25 16.46 6.99 9.01 0.66
8.25 80.00 0.00 0.00 0.00 79.43 5.06 77.53 6.13 16.11 -7.11 8.99 0.67
8.27 80.00 0.00 0.00 0.00 79.41 6.23 77.80 6.13 17.07 -0.18 9.09 0.67
8.28 80.00 0.00 0.00 0.00 79.41 6.23 77.80 6.01 0.08 -7.59 6.56 -1.54
8.30 80.00 0.00 0.00 0.00 75.39 6.27 77.67 6.01 -8.12 0.08 4.10 -1.51
8.32 80.00 0.00 0.00 0.00 76.73 5.09 77.67 6.01 0.00 0.00 4.08 -0.10
8.33 80.00 0.00 0.00 0.00 79.41 6.23 77.94 6.01 16.62 -0.17 4.15 -1.51
8.35 80.00 0.00 0.00 0.00 76.72 6.26 77.94 6.01 0.00 0.00 5.82 -0.80
8.36 80.00 0.00 0.00 0.00 79.43 5.06 78.20 6.01 16.62 -0.21 7.48 -0.11
8.38 80.00 0.00 0.00 0.00 76.73 5.09 78.21 5.89 0.09 -7.16 7.49 -1.53
8.40 80.00 0.00 0.00 0.00 78.06 6.24 78.07 5.78 -8.21 -7.06 5.03 -2.94
8.41 80.00 0.00 0.00 0.00 79.41 6.23 78.07 5.89 -0.09 6.87 3.41 -1.54
8.43 80.00 0.00 0.00 0.00 79.47 2.72 78.08 5.54 0.35 -22.28 1.74 -3.75
8.45 80.00 0.00 0.00 0.00 79.40 7.40 78.07 5.66 -0.08 7.18 1.72 -2.28
8.46 80.00 0.00 0.00 0.00 79.43 5.06 78.48 5.54 25.07 -7.50 5.04 -3.03
8.48 80.00 0.00 0.00 0.00 79.41 6.23 78.75 5.65 16.64 7.05 6.70 -2.33
8.49 80.00 0.00 0.00 0.00 79.43 5.06 78.75 5.54 0.10 -7.28 5.05 -3.04
8.51 80.00 0.00 0.00 0.00 79.41 6.23 79.02 5.53 16.42 -0.17 6.69 -3.06
8.53 80.00 0.00 0.00 0.00 79.41 6.23 79.02 5.65 -0.09 7.04 5.02 -2.33
8.54 80.00 0.00 0.00 0.00 76.72 6.26 79.01 5.77 -0.09 7.23 5.00 -0.89
8.56 80.00 0.00 0.00 0.00 78.05 7.41 79.01 5.88 -0.08 7.13 5.81 0.53
8.58 80.00 0.00 0.00 0.00 79.41 6.23 79.01 5.88 0.00 0.00 5.82 -0.16
8.59 80.00 0.00 0.00 0.00 79.43 5.06 79.01 6.12 -0.24 14.22 5.76 3.49
8.61 80.00 0.00 0.00 0.00 79.41 6.23 79.01 6.00 0.08 -7.27 5.78 2.05
8.62 80.00 0.00 0.00 0.00 76.72 6.26 78.74 6.12 -16.77 7.40 1.60 3.53
8.64 80.00 0.00 0.00 0.00 76.72 6.26 78.47 6.12 -16.01 0.17 -1.67 2.85
8.66 80.00 0.00 0.00 0.00 74.06 6.28 77.93 6.24 -34.15 7.78 -5.09 4.35
8.67 80.00 0.00 0.00 0.00 79.40 7.40 77.93 6.36 -0.08 7.18 -6.74 5.09
8.69 80.00 0.00 0.00 0.00 76.71 7.42 77.66 6.48 -16.21 7.12 -8.35 5.10
8.71 80.00 0.00 0.00 0.00 79.43 5.06 77.93 6.36 17.12 -7.55 -6.63 3.62
8.72 80.00 0.00 0.00 0.00 76.71 7.42 77.80 6.36 -8.20 0.07 -7.45 2.91
8.74 80.00 0.00 0.00 0.00 79.41 6.23 77.80 6.36 0.00 0.00 -7.45 2.91
8.75 80.00 0.00 0.00 0.00 79.41 6.23 77.80 6.48 -0.10 7.24 -7.43 2.21
8.77 80.00 0.00 0.00 0.00 79.43 5.06 77.80 6.36 0.10 -7.38 -7.43 2.20
8.79 80.00 0.00 0.00 0.00 76.73 5.09 77.80 6.24 0.09 -7.09 -5.74 0.75
8.80 80.00 0.00 0.00 0.00 76.72 6.26 77.80 6.24 0.00 0.00 -4.14 0.74
8.82 80.00 0.00 0.00 0.00 79.43 5.06 78.34 6.12 31.86 -7.26 2.46 -0.77
8.84 80.00 0.00 0.00 0.00 76.72 6.26 78.07 6.01 -16.90 -7.18 0.78 -2.20
8.85 80.00 0.00 0.00 0.00 79.43 5.06 78.34 5.77 16.61 -14.38 4.06 -4.35
8.87 80.00 0.00 0.00 0.00 79.40 7.40 78.34 6.01 -0.18 14.42 2.33 -2.16
8.88 80.00 0.00 0.00 0.00 79.43 5.06 78.61 5.77 16.51 -14.30 4.80 -3.59
8.90 80.00 0.00 0.00 0.00 76.73 5.09 78.34 5.66 -16.71 -7.08 3.13 -4.30
8.92 80.00 0.00 0.00 0.00 76.72 6.26 78.07 5.66 -16.56 0.17 1.48 -5.01
8.93 80.00 0.00 0.00 0.00 76.75 3.93 77.81 5.55 -16.10 -6.79 -0.14 -4.95
8.95 80.00 0.00 0.00 0.00 76.73 5.09 77.81 5.55 0.00 0.00 -0.15 -4.24
8.97 80.00 0.00 0.00 0.00 79.41 6.23 78.07 5.54 16.26 -0.17 1.48 -4.26
8.98 80.00 0.00 0.00 0.00 76.75 3.93 77.81 5.43 -16.65 -7.03 -3.37 -4.23
9.00 80.00 0.00 0.00 0.00 76.73 5.09 77.81 5.31 0.09 -7.24 -1.67 -4.24
9.02 80.00 0.00 0.00 0.00 76.75 3.93 77.54 5.20 -16.51 -6.96 -4.98 -3.50
9.03 80.00 0.00 0.00 0.00 76.73 5.09 77.27 4.97 -15.89 -13.72 -6.56 -6.31
9.05 80.00 0.00 0.00 0.00 76.72 6.26 77.00 5.09 -17.06 7.53 -9.91 -4.13
9.06 80.00 0.00 0.00 0.00 76.77 2.77 77.01 4.86 0.23 -14.30 -8.22 -4.85
9.08 80.00 0.00 0.00 0.00 74.12 2.81 76.75 4.51 -16.14 -21.36 -8.18 -7.00
9.10 80.00 0.00 0.00 0.00 76.73 5.09 76.75 4.63 -0.11 7.00 -6.58 -5.63
9.11 80.00 0.00 0.00 0.00 76.72 6.26 76.74 4.75 -0.09 7.12 -6.59 -4.91
9.13 80.00 0.00 0.00 0.00 76.73 5.09 76.48 4.63 -16.59 -7.02 -9.87 -5.60
9.14 80.00 0.00 0.00 0.00 76.71 7.42 76.47 4.98 -0.28 21.80 -8.23 -2.72
9.16 80.00 0.00 0.00 0.00 76.73 5.09 76.47 4.98 0.00 0.00 -8.24 -1.99
9.18 80.00 0.00 0.00 0.00 76.72 6.26 76.47 5.21 -0.20 14.04 -6.61 0.11
9.19 80.00 0.00 0.00 0.00 76.73 5.09 76.47 5.21 0.00 0.00 -5.02 1.48
9.21 80.00 0.00 0.00 0.00 76.75 3.93 76.47 4.98 0.19 -13.67 -3.30 -0.64
9.23 80.00 0.00 0.00 0.00 76.73 5.09 76.47 5.21 -0.22 13.27 -3.34 2.12
9.24 80.00 0.00 0.00 0.00 76.72 6.26 76.73 5.56 18.43 24.38 0.11 6.69
9.26 80.00 0.00 0.00 0.00 76.72 6.26 76.73 5.68 -0.09 6.79 0.12 6.67
9.27 80.00 0.00 0.00 0.00 76.72 6.26 76.73 5.68 -0.00 0.00 0.12 5.96
9.29 80.00 0.00 0.00 0.00 76.73 5.09 76.73 5.68 0.00 0.00 1.78 6.66
9.31 80.00 0.00 0.00 0.00 76.72 6.26 76.73 5.56 0.08 -7.27 1.82 3.75
9.32 80.00 0.00 0.00 0.00 76.73 5.09 76.73 5.56 0.00 0.00 1.82 3.75
9.34 80.00 0.00 0.00 0.00 76.72 6.26 76.73 5.56 0.00 0.00 1.84 2.35
9.36 80.00 0.00 0.00 0.00 76.72 6.26 76.73 5.68 -0.09 7.15 1.83 3.07
9.37 80.00 0.00 0.00 0.00 76.75 3.93 76.73 5.68 -0.00 0.00 1.81 4.43
9.39 80.00 0.00 0.00 0.00 79.41 6.23 76.99 5.79 16.50 6.99 3.48 3.80
9.40 80.00 0.00 0.00 0.00 76.72 6.26 76.99 5.79 0.00 0.00 1.64 1.37
9.42 80.00 0.00 0.00 0.00 76.72 6.26 76.99 5.79 0.00 0.00 1.65 0.69
9.44 80.00 0.00 0.00 0.00 79.41 6.23 77.26 5.79 17.05 -0.18 3.35 0.67
9.45 80.00 0.00 0.00 0.00 76.72 6.26 77.26 5.90 -0.09 7.04 3.34 1.37
9.47 80.00 0.00 0.00 0.00 79.40 7.40 77.53 6.02 16.06 6.83 4.94 2.78
9.49 80.00 0.00 0.00 0.00 76.72 6.26 77.53 6.13 -0.10 7.40 4.93 3.52
9.50 80.00 0.00 0.00 0.00 79.43 5.06 77.80 6.01 15.95 -7.04 6.53 2.82
9.52 80.00 0.00 0.00 0.00 76.73 5.09 77.80 5.90 0.09 -7.35 6.55 1.37
9.53 80.00 0.00 0.00 0.00 76.72 6.26 77.80 6.13 -0.20 14.56 6.53 2.83
9.55 80.00 0.00 0.00 0.00 76.72 6.26 77.53 6.13 -15.66 0.16 3.31 2.14
9.57 80.00 0.00 0.00 0.00 76.73 5.09 77.53 6.02 0.09 -7.14 3.32 1.43
9.58 80.00 0.00 0.00 0.00 76.71 7.42 77.53 6.13 -0.08 7.44 3.31 2.17
9.60 80.00 0.00 0.00 0.00 78.08 5.08 77.39 6.02 -8.17 -7.03 0.79 1.49
9.62 80.00 0.00 0.00 0.00 76.75 3.93 77.40 5.78 0.21 -14.63 0.82 -0.68
9.63 80.00 0.00 0.00 0.00 76.70 8.58 77.13 5.90 -16.25 7.11 -2.41 -0.65
9.65 80.00 0.00 0.00 0.00 79.41 6.23 77.40 5.90 16.81 -0.17 -0.72 -1.41
9.66 80.00 0.00 0.00 0.00 79.43 5.06 77.40 5.90 0.00 -0.00 -2.32 -0.71
9.68 80.00 0.00 0.00 0.00 79.45 3.89 77.67 5.78 16.93 -7.50 -0.63 -0.72
9.70 80.00 0.00 0.00 0.00 76.72 6.26 77.67 5.78 0.00 0.00 -0.61 -2.18
9.71 80.00 0.00 0.00 0.00 76.73 5.09 77.67 5.66 0.09 -6.87 0.96 -2.88
9.73 80.00 0.00 0.00 0.00 79.43 5.06 77.94 5.66 17.22 -0.21 2.68 -2.19
9.75 80.00 0.00 0.00 0.00 76.75 3.93 77.94 5.31 0.27 -21.29 2.71 -5.06
9.76 80.00 0.00 0.00 0.00 79.43 5.06 78.08 5.31 8.15 -0.10 4.34 -4.37
9.78 80.00 0.00 0.00 0.00 79.45 3.89 78.35 5.31 16.91 -0.25 6.01 -2.93
9.79 80.00 0.00 0.00 0.00 79.45 3.89 78.62 4.84 16.83 -28.69 9.32 -6.51
9.81 80.00 0.00 0.00 0.00 79.45 3.89 78.63 4.60 0.21 -14.59 7.66 -7.95
9.83 80.00 0.00 0.00 0.00 79.43 5.06 78.63 4.60 -0.00 0.00 7.66 -7.95
9.84 80.00 0.00 0.00 0.00 76.73 5.09 78.36 4.72 -16.53 7.32 4.32 -6.47
9.86 80.00 0.00 0.00 0.00 76.73 5.09 78.36 4.61 0.09 -7.28 4.33 -7.20
9.88 80.00 0.00 0.00 0.00 79.45 3.89 78.63 4.49 17.32 -7.67 6.05 -7.28
9.89 80.00 0.00 0.00 0.00 79.47 2.72 78.63 4.25 0.24 -13.84 4.35 -8.64
9.91 80.00 0.00 0.00 0.00 76.73 5.09 78.63 4.37 -0.11 7.20 4.31 -5.79
9.92 80.00 0.00 0.00 0.00 76.75 3.93 78.36 4.26 -16.41 -6.92 1.86 -6.47
9.94 80.00 0.00 0.00 0.00 76.73 5.09 78.09 4.38 -16.81 7.45 -1.52 -5.70
9.96 80.00 0.00 0.00 0.00 76.75 3.93 77.82 4.38 -16.75 0.24 -4.87 -2.81
9.97 80.00 0.00 0.00 0.00 76.73 5.09 77.55 4.50 -16.59 7.35 -6.55 -0.62
9.99 80.00 0.00 0.00 0.00 74.08 5.13 77.02 4.51 -32.04 0.39 -9.76 -0.58
10.01 80.00 0.00 0.00 0.00 76.73 5.09 77.02 4.51 0.00 0.00 -8.10 -1.31
10.02 80.00 0.00 0.00 0.00 79.41 6.23 77.28 4.62 16.19 6.85 -6.50 0.10
10.04 80.00 0.00 0.00 0.00 76.72 6.26 77.01 4.86 -16.91 14.65 -9.92 2.34
10.05 80.00 0.00 0.00 0.00 74.05 7.44 76.47 5.33 -33.51 29.18 -13.29 6.64
10.07 80.00 0.00 0.00 0.00 76.73 5.09 76.47 5.33 0.00 0.00 -13.28 5.92
10.09 80.00 0.00 0.00 0.00 75.42 3.95 76.34 5.33 -7.95 0.11 -12.44 6.62
10.10 80.00 0.00 0.00 0.00 79.40 7.40 76.60 5.56 16.71 14.42 -9.08 7.32
10.12 80.00 0.00 0.00 0.00 76.75 3.93 76.60 5.56 0.00 0.00 -7.41 7.29
10.14 80.00 0.00 0.00 0.00 76.73 5.09 76.60 5.56 0.00 0.00 -5.75 6.56
10.15 80.00 0.00 0.00 0.00 76.72 6.26 76.87 5.67 15.89 6.80 -0.96 7.20
10.17 80.00 0.00 0.00 0.00 76.79 1.60 76.87 5.33 0.37 -21.27 -0.92 5.07
10.18 80.00 0.00 0.00 0.00 79.43 5.06 76.87 5.21 0.09 -6.64 -2.53 3.72
10.20 80.00 0.00 0.00 0.00 76.75 3.93 76.88 4.98 0.23 -16.10 -0.82 0.65
10.22 80.00 0.00 0.00 0.00 79.41 6.23 77.41 4.85 32.72 -7.39 5.81 -3.01
10.23 80.00 0.00 0.00 0.00 79.43 5.06 77.68 4.85 16.71 -0.21 7.48 -3.03
10.25 80.00 0.00 0.00 0.00 76.73 5.09 77.81 4.97 8.15 7.09 9.09 -2.33
10.26 80.00 0.00 0.00 0.00 79.45 3.89 77.82 4.62 0.27 -19.81 7.44 -5.75
10.28 80.00 0.00 0.00 0.00 76.71 7.42 77.81 4.96 -0.32 24.80 7.41 -3.27
10.30 80.00 0.00 0.00 0.00 76.75 3.93 77.82 4.85 0.11 -7.17 7.42 -3.99
10.31 80.00 0.00 0.00 0.00 79.43 5.06 78.09 4.73 16.29 -7.19 7.46 -5.39
10.33 80.00 0.00 0.00 0.00 79.43 5.06 78.35 5.07 16.89 22.17 9.11 -1.04
10.35 80.00 0.00 0.00 0.00 79.43 5.06 78.35 5.07 0.00 0.00 9.10 -0.38
10.36 80.00 0.00 0.00 0.00 76.72 6.26 78.35 5.31 -0.20 14.07 9.06 2.64
10.38 80.00 0.00 0.00 0.00 79.47 2.72 78.35 4.96 0.35 -21.85 5.82 1.19
10.40 80.00 0.00 0.00 0.00 78.08 5.08 78.22 4.96 -8.14 0.10 3.34 1.22
10.41 80.00 0.00 0.00 0.00 79.38 12.06 78.48 5.65 15.93 41.98 4.12 4.71
10.43 80.00 0.00 0.00 0.00 79.47 2.72 78.48 5.54 0.13 -7.18 4.10 5.97
10.44 80.00 0.00 0.00 0.00 78.09 3.91 78.62 5.19 8.95 -22.61 5.03 1.23
10.46 80.00 0.00 0.00 0.00 76.72 6.26 78.62 5.42 -0.19 13.90 5.00 3.34
10.48 80.00 0.00 0.00 0.00 76.75 3.93 78.35 5.31 -15.95 -6.73 1.78 3.39
10.49 80.00 0.00 0.00 0.00 76.75 3.93 78.08 5.19 -17.28 -7.29 -1.64 0.44
10.51 80.00 0.00 0.00 0.00 76.73 5.09 77.82 5.20 -16.70 0.21 -3.31 0.46
10.52 80.00 0.00 0.00 0.00 76.75 3.93 77.82 4.96 0.20 -14.36 -3.27 -2.38
10.54 80.00 0.00 0.00 0.00 76.75 3.93 77.55 5.09 -16.32 7.26 -4.94 0.53
10.56 80.00 0.00 0.00 0.00 76.75 3.93 77.41 4.97 -8.26 -7.14 -4.95 -0.20
10.57 80.00 0.00 0.00 0.00 76.72 6.26 77.15 4.39 -16.58 -36.19 -8.20 -8.01
10.59 80.00 0.00 0.00 0.00 74.10 3.97 76.61 4.51 -33.05 7.66 -11.52 -6.53
10.61 80.00 0.00 0.00 0.00 76.73 5.09 76.48 4.63 -8.05 6.99 -13.22 -3.57
10.62 80.00 0.00 0.00 0.00 76.73 5.09 76.48 4.52 0.09 -7.36 -13.19 -5.70
10.64 80.00 0.00 0.00 0.00 76.75 3.93 76.48 4.52 0.00 0.00 -11.59 -5.02
10.65 80.00 0.00 0.00 0.00 76.73 5.09 76.48 4.63 -0.11 7.39 -9.88 -3.56
10.67 80.00 0.00 0.00 0.00 76.75 3.93 76.48 4.52 0.11 -6.96 -8.20 -4.27
10.69 80.00 0.00 0.00 0.00 76.75 3.93 76.48 4.52 0.00 -0.00 -8.22 -2.84
10.70 80.00 0.00 0.00 0.00 75.39 6.27 76.34 4.75 -8.38 14.36 -7.42 -2.13
10.72 80.00 0.00 0.00 0.00 76.72 6.26 76.34 4.98 -0.21 14.76 -6.62 0.06
10.74 80.00 0.00 0.00 0.00 76.75 3.93 76.34 4.75 0.19 -13.50 -4.94 2.33
10.75 80.00 0.00 0.00 0.00 76.73 5.09 76.60 4.86 17.12 7.30 0.08 2.30
10.77 80.00 0.00 0.00 0.00 76.71 7.42 76.60 5.10 -0.17 14.30 0.86 3.03
10.79 80.00 0.00 0.00 0.00 79.41 6.23 76.87 5.21 16.38 6.93 2.49 4.46
10.80 80.00 0.00 0.00 0.00 79.41 6.23 77.14 5.44 15.82 13.65 4.07 5.82
10.82 80.00 0.00 0.00 0.00 76.72 6.26 77.13 5.55 -0.09 7.33 4.08 5.82
10.83 80.00 0.00 0.00 0.00 79.41 6.23 77.40 5.78 16.61 14.34 5.73 7.95
10.85 80.00 0.00 0.00 0.00 76.75 3.93 77.40 5.78 0.00 0.00 5.73 7.95
10.87 80.00 0.00 0.00 0.00 76.72 6.26 77.53 5.78 8.01 -0.08 7.37 6.50
10.88 80.00 0.00 0.00 0.00 76.71 7.42 77.53 5.90 -0.08 7.28 7.38 5.76
10.90 80.00 0.00 0.00 0.00 79.41 6.23 77.80 6.13 16.33 14.10 8.99 8.51
10.91 80.00 0.00 0.00 0.00 79.43 5.06 78.07 6.13 16.41 -0.20 8.92 7.76
10.93 80.00 0.00 0.00 0.00 79.41 6.23 78.34 6.01 16.79 -7.38 10.62 5.60
10.95 80.00 0.00 0.00 0.00 79.40 7.40 78.34 6.12 -0.08 7.24 8.97 5.63
10.96 80.00 0.00 0.00 0.00 79.45 3.89 78.34 5.89 0.20 -13.88 7.41 2.87
10.98 80.00 0.00 0.00 0.00 76.72 6.26 78.34 5.89 0.00 0.00 7.42 2.14
11.00 80.00 0.00 0.00 0.00 79.41 6.23 78.34 5.89 0.00 -0.00 5.76 0.71
11.01 80.00 0.00 0.00 0.00 76.69 9.74 78.33 6.47 -0.38 35.91 5.72 4.30
11.03 80.00 0.00 0.00 0.00 79.40 7.40 78.60 6.58 16.17 6.87 6.54 4.99
11.04 80.00 0.00 0.00 0.00 82.29 -0.86 79.16 5.76 33.50 -49.62 9.90 -0.70
11.06 80.00 0.00 0.00 0.00 79.40 7.40 79.16 5.87 -0.08 7.43 8.25 -1.36
11.08 80.00 0.00 0.00 0.00 79.41 6.23 79.16 5.99 -0.10 7.22 6.60 -0.62
11.09 80.00 0.00 0.00 0.00 79.40 7.40 79.16 6.11 -0.08 7.21 4.92 0.84
11.11 80.00 0.00 0.00 0.00 76.72 6.26 78.89 5.99 -16.29 -6.92 3.29 -0.58
11.13 80.00 0.00 0.00 0.00 79.43 5.06 78.89 6.11 -0.12 7.26 3.26 1.54
11.14 80.00 0.00 0.00 0.00 76.72 6.26 78.89 6.11 0.00 0.00 3.26 1.54
11.16 80.00 0.00 0.00 0.00 76.73 5.09 78.62 6.00 -16.70 -7.07 1.59 0.83
11.18 80.00 0.00 0.00 0.00 79.45 3.89 78.89 5.41 16.94 -35.93 3.32 -6.35
11.19 80.00 0.00 0.00 0.00 76.71 7.42 78.63 5.41 -16.29 0.13 0.08 -7.03
11.21 80.00 0.00 0.00 0.00 76.72 6.26 78.07 6.13 -33.97 43.35 -6.67 2.27
11.22 80.00 0.00 0.00 0.00 79.41 6.23 78.07 6.01 0.08 -7.29 -6.65 0.80
11.24 80.00 0.00 0.00 0.00 79.45 3.89 78.07 5.78 0.21 -14.31 -6.62 -1.36
11.26 80.00 0.00 0.00 0.00 79.41 6.23 78.07 5.66 0.08 -7.09 -6.61 -2.79
11.27 80.00 0.00 0.00 0.00 76.72 6.26 78.07 5.66 0.00 0.00 -4.98 -2.09
11.29 80.00 0.00 0.00 0.00 76.72 6.26 77.80 5.78 -16.78 7.40 -6.64 -2.08
11.30 80.00 0.00 0.00 0.00 79.39 8.56 78.07 6.01 16.62 14.35 -4.98 -0.65
11.32 80.00 0.00 0.00 0.00 79.41 6.23 78.34 6.12 16.71 7.08 -1.64 0.77
11.34 80.00 0.00 0.00 0.00 76.73 5.09 78.07 6.24 -16.75 7.42 -5.01 5.10
11.35 80.00 0.00 0.00 0.00 76.75 3.93 78.07 5.89 0.26 -20.28 -3.35 3.06
11.37 80.00 0.00 0.00 0.00 76.72 6.26 78.07 5.89 0.00 0.00 0.04 -1.27
11.39 80.00 0.00 0.00 0.00 76.72 6.26 77.80 5.90 -16.39 0.17 -1.60 -0.53
11.40 80.00 0.00 0.00 0.00 74.06 6.28 77.26 6.14 -33.25 14.76 -4.95 2.38
