#Task Selector: 5
#PID Parameters: kp: 0.09, kd: 0.04, ki: 0.01
#n_pos: 10
#n_vel: 10
t x_ref y_ref vx_ref vy_ref x_raw y_raw x y vx_raw vy_raw vx vy
0.02 0.00 0.00 0.00 0.00 2.43 -23.16 0.24 -2.32 15.21 -144.75 1.52 -14.47
0.03 0.00 0.00 0.00 0.00 2.43 -24.30 0.49 -4.75 13.77 -137.43 2.90 -28.22
0.05 0.00 0.00 0.00 0.00 2.43 -22.03 0.73 -6.95 15.25 -138.04 4.42 -42.02
0.07 0.00 0.00 0.00 0.00 2.43 -24.30 0.97 -9.38 15.08 -150.55 5.93 -57.08
0.08 0.00 0.00 0.00 0.00 2.43 -23.16 1.22 -11.69 14.89 -141.74 7.42 -71.25
0.10 0.00 0.00 0.00 0.00 2.43 -23.16 1.46 -14.01 15.14 -144.11 8.93 -85.66
0.11 0.00 0.00 0.00 0.00 2.43 -22.03 1.70 -16.21 14.86 -134.52 10.42 -99.11
0.13 0.00 0.00 0.00 0.00 2.43 -22.03 1.95 -18.42 14.80 -134.00 11.90 -112.51
0.15 0.00 0.00 0.00 0.00 3.53 -22.03 2.30 -20.62 21.83 -136.13 14.08 -126.13
0.16 0.00 0.00 0.00 0.00 2.43 -20.90 2.54 -22.71 15.86 -136.25 15.67 -139.75
0.18 0.00 0.00 0.00 0.00 2.43 -19.77 2.54 -22.37 -0.01 20.84 14.15 -123.19
0.20 0.00 0.00 0.00 0.00 4.62 -18.65 2.76 -21.80 13.72 35.37 14.14 -105.91
0.21 0.00 0.00 0.00 0.00 2.43 -17.52 2.76 -21.35 -0.01 27.44 12.62 -89.36
0.23 0.00 0.00 0.00 0.00 2.43 -17.52 2.76 -20.68 -0.02 42.71 11.11 -70.04
0.24 0.00 0.00 0.00 0.00 2.43 -15.29 2.76 -19.89 -0.02 47.15 9.62 -51.15
0.26 0.00 0.00 0.00 0.00 2.43 -14.18 2.76 -18.99 -0.02 54.93 8.10 -31.24
0.28 0.00 0.00 0.00 0.00 2.43 -13.07 2.76 -18.09 -0.02 56.88 6.61 -12.10
0.29 0.00 0.00 0.00 0.00 1.34 -10.85 2.65 -16.98 -6.65 67.96 4.47 8.09
0.31 0.00 0.00 0.00 0.00 2.43 -8.64 2.54 -15.64 -6.62 80.31 1.62 29.73
0.33 0.00 0.00 0.00 0.00 2.43 -5.35 2.54 -14.08 -0.03 95.49 0.03 52.91
0.34 0.00 0.00 0.00 0.00 0.25 -3.16 2.32 -12.42 -13.55 103.33 -1.32 61.16
0.36 0.00 0.00 0.00 0.00 0.26 1.20 1.89 -10.44 -26.84 121.97 -5.38 69.82
0.37 0.00 0.00 0.00 0.00 2.43 2.29 1.89 -8.46 -0.03 123.10 -5.38 79.38
0.39 0.00 0.00 0.00 0.00 0.26 3.38 1.67 -6.37 -13.41 128.93 -6.72 88.00
0.41 0.00 0.00 0.00 0.00 -1.91 5.55 1.23 -4.28 -26.32 126.33 -9.35 95.92
0.42 0.00 0.00 0.00 0.00 0.26 7.72 1.02 -2.09 -13.49 135.98 -10.69 104.03
0.44 0.00 0.00 0.00 0.00 0.26 9.89 0.80 0.20 -12.99 137.34 -11.99 112.07
0.46 0.00 0.00 0.00 0.00 0.26 12.05 0.69 2.49 -6.80 144.21 -12.01 119.70
0.47 0.00 0.00 0.00 0.00 -0.82 13.14 0.37 4.67 -19.75 132.22 -13.32 124.89
0.49 0.00 0.00 0.00 0.00 -1.91 15.31 -0.07 6.74 -27.22 129.61 -16.04 128.30
0.50 0.00 0.00 0.00 0.00 -0.83 17.47 -0.18 8.80 -6.63 126.77 -15.35 130.64
0.52 0.00 0.00 0.00 0.00 -1.91 19.65 -0.39 10.64 -13.53 115.07 -14.02 129.95
0.54 0.00 0.00 0.00 0.00 -1.91 20.73 -0.83 12.49 -26.45 112.43 -16.66 128.89
0.55 0.00 0.00 0.00 0.00 -1.91 22.91 -1.04 14.44 -13.52 121.56 -16.67 128.15
0.57 0.00 0.00 0.00 0.00 -1.91 22.91 -1.04 16.18 -0.02 103.45 -14.04 125.86
0.59 0.00 0.00 0.00 0.00 -1.91 22.91 -1.26 17.70 -13.67 95.56 -14.06 121.82
0.60 0.00 0.00 0.00 0.00 -4.09 24.00 -1.70 19.11 -25.99 84.35 -15.36 116.52
0.62 0.00 0.00 0.00 0.00 -4.09 24.00 -2.13 20.30 -27.71 76.15 -17.45 109.72
0.63 0.00 0.00 0.00 0.00 -4.09 24.00 -2.46 21.39 -20.34 67.67 -17.51 103.26
0.65 0.00 0.00 0.00 0.00 -4.09 24.00 -2.67 22.26 -13.07 52.14 -16.09 95.51
0.67 0.00 0.00 0.00 0.00 -4.09 24.00 -3.00 22.91 -20.41 40.82 -17.47 86.92
0.68 0.00 0.00 0.00 0.00 -4.09 22.91 -3.22 23.24 -13.05 19.58 -17.42 77.37
0.70 0.00 0.00 0.00 0.00 -4.09 22.91 -3.44 23.46 -13.42 13.45 -16.12 67.47
0.72 0.00 0.00 0.00 0.00 -4.09 22.91 -3.65 23.46 -13.43 0.02 -16.11 55.32
0.73 0.00 0.00 0.00 0.00 -4.09 22.91 -3.87 23.46 -13.64 0.02 -17.47 44.98
0.75 0.00 0.00 0.00 0.00 -4.09 21.82 -4.09 23.35 -13.33 -6.67 -17.44 34.75
0.76 0.00 0.00 0.00 0.00 -4.09 21.82 -4.09 23.13 0.02 -13.30 -14.84 24.99
0.78 0.00 0.00 0.00 0.00 -3.00 19.65 -3.98 22.69 6.77 -26.98 -11.39 14.67
0.80 0.00 0.00 0.00 0.00 -4.08 18.56 -3.98 22.15 0.05 -33.55 -9.35 4.55
0.81 0.00 0.00 0.00 0.00 -4.08 16.39 -3.98 21.39 0.06 -46.34 -8.04 -5.30
0.83 0.00 0.00 0.00 0.00 -4.08 16.39 -3.98 20.63 0.06 -46.35 -5.99 -14.01
0.85 0.00 0.00 0.00 0.00 -4.08 15.31 -3.97 19.87 0.05 -47.93 -4.68 -20.76
0.86 0.00 0.00 0.00 0.00 -4.08 13.14 -3.97 18.89 0.05 -58.47 -3.33 -27.95
0.88 0.00 0.00 0.00 0.00 -4.08 12.05 -3.97 17.81 0.06 -66.66 -1.99 -34.62
0.89 0.00 0.00 0.00 0.00 -4.08 8.80 -3.97 16.39 0.05 -89.14 -0.62 -43.54
0.91 0.00 0.00 0.00 0.00 -4.08 8.80 -3.97 15.09 0.04 -76.75 0.72 -50.55
0.93 0.00 0.00 0.00 0.00 -4.08 6.63 -3.97 13.57 0.03 -97.17 0.72 -58.93
0.94 0.00 0.00 0.00 0.00 -1.91 5.55 -3.86 12.16 6.71 -87.10 0.72 -64.95
0.96 0.00 0.00 0.00 0.00 -1.91 4.46 -3.65 10.75 13.00 -84.51 2.01 -70.04
0.98 0.00 0.00 0.00 0.00 -1.91 2.29 -3.43 9.34 13.32 -86.70 3.34 -74.08
0.99 0.00 0.00 0.00 0.00 -4.09 2.29 -3.43 7.93 -0.04 -88.63 3.33 -78.31
1.01 0.00 0.00 0.00 0.00 -1.92 0.11 -3.21 6.41 12.87 -90.43 4.61 -82.56
1.02 0.00 0.00 0.00 0.00 -1.92 -2.07 -3.00 4.89 13.74 -96.76 5.98 -86.38
1.04 0.00 0.00 0.00 0.00 -1.92 -4.26 -2.78 3.26 13.31 -100.71 7.30 -89.79
1.06 0.00 0.00 0.00 0.00 -1.92 -5.35 -2.57 1.84 13.31 -87.38 8.63 -89.61
1.07 0.00 0.00 0.00 0.00 -1.92 -5.35 -2.35 0.43 12.79 -83.96 9.90 -90.33
1.09 0.00 0.00 0.00 0.00 -1.93 -7.55 -2.14 -0.99 13.78 -90.79 11.28 -89.69
1.11 0.00 0.00 0.00 0.00 -1.93 -7.55 -2.14 -2.30 -0.10 -80.86 10.60 -89.07
1.12 0.00 0.00 0.00 0.00 -1.93 -8.65 -2.14 -3.61 -0.11 -77.49 9.29 -88.37
1.14 0.00 0.00 0.00 0.00 0.25 -10.85 -1.92 -4.92 13.23 -80.44 9.28 -87.74
1.15 0.00 0.00 0.00 0.00 -1.93 -10.86 -1.71 -6.24 14.78 -90.29 10.76 -87.91
1.17 0.00 0.00 0.00 0.00 -0.84 -11.96 -1.60 -7.44 6.54 -73.76 10.13 -86.24
1.19 0.00 0.00 0.00 0.00 -1.93 -10.86 -1.60 -8.32 -0.10 -52.69 8.74 -81.84
1.20 0.00 0.00 0.00 0.00 0.25 -11.96 -1.38 -9.09 13.60 -48.28 8.77 -76.59
1.22 0.00 0.00 0.00 0.00 -1.94 -11.96 -1.39 -9.75 -0.08 -40.82 7.43 -71.94
1.23 0.00 0.00 0.00 0.00 0.25 -11.96 -1.17 -10.41 12.97 -39.49 7.45 -67.49
1.25 0.00 0.00 0.00 0.00 0.25 -10.85 -0.95 -10.74 13.61 -20.67 7.43 -60.48
1.27 0.00 0.00 0.00 0.00 0.25 -10.85 -0.73 -11.08 13.47 -20.46 8.79 -54.44
1.28 0.00 0.00 0.00 0.00 2.43 -11.96 -0.30 -11.41 27.11 -20.58 11.51 -48.75
1.30 0.00 0.00 0.00 0.00 2.43 -9.75 -0.08 -11.30 13.24 6.71 11.52 -40.03
1.32 0.00 0.00 0.00 0.00 2.43 -9.75 0.36 -11.18 27.17 6.90 12.75 -30.32
1.33 0.00 0.00 0.00 0.00 2.43 -10.85 0.68 -11.07 19.62 6.64 14.06 -22.27
1.35 0.00 0.00 0.00 0.00 2.43 -7.54 1.12 -10.74 27.03 20.51 16.77 -14.95
1.36 0.00 0.00 0.00 0.00 2.43 -9.75 1.34 -10.52 13.53 13.70 16.77 -8.76
1.38 0.00 0.00 0.00 0.00 2.43 -7.54 1.77 -10.08 27.42 27.74 19.52 -1.90
1.40 0.00 0.00 0.00 0.00 2.43 -5.35 1.99 -9.42 13.35 40.46 19.56 6.10
1.41 0.00 0.00 0.00 0.00 2.43 -5.35 2.21 -8.87 13.14 33.15 19.51 11.48
1.43 0.00 0.00 0.00 0.00 2.43 -3.16 2.43 -8.10 13.77 48.58 19.54 18.38
1.45 0.00 0.00 0.00 0.00 0.25 -3.16 2.21 -7.22 -13.28 53.68 15.50 25.81
1.46 0.00 0.00 0.00 0.00 0.26 0.11 1.99 -6.23 -13.09 59.40 12.87 31.08
1.48 0.00 0.00 0.00 0.00 2.43 0.11 1.99 -5.25 -0.01 59.32 10.15 36.32
1.49 0.00 0.00 0.00 0.00 2.43 1.20 1.99 -4.04 -0.01 75.87 8.18 43.24
1.51 0.00 0.00 0.00 0.00 0.26 1.20 1.78 -3.17 -13.51 54.39 4.13 46.63
1.53 0.00 0.00 0.00 0.00 0.26 3.38 1.56 -1.86 -13.11 79.23 1.47 53.18
1.54 0.00 0.00 0.00 0.00 0.26 3.38 1.34 -0.76 -13.78 69.32 -2.65 57.34
1.56 0.00 0.00 0.00 0.00 0.26 3.38 1.13 0.11 -13.19 53.04 -5.31 58.60
1.58 0.00 0.00 0.00 0.00 0.26 5.55 0.91 1.20 -13.63 68.45 -7.98 62.13
1.59 0.00 0.00 0.00 0.00 0.26 5.55 0.69 2.07 -13.09 52.54 -10.67 62.52
1.61 0.00 0.00 0.00 0.00 0.26 7.72 0.69 3.16 0.03 67.21 -9.34 63.88
1.62 0.00 0.00 0.00 0.00 2.43 7.72 0.91 3.92 13.36 46.82 -6.69 62.62
1.64 0.00 0.00 0.00 0.00 0.26 8.80 0.69 4.79 -13.53 54.21 -8.05 62.11
1.66 0.00 0.00 0.00 0.00 0.26 9.89 0.48 5.66 -12.76 51.12 -9.32 59.63
1.67 0.00 0.00 0.00 0.00 0.26 8.80 0.48 6.42 0.01 46.61 -7.97 58.85
1.69 0.00 0.00 0.00 0.00 0.26 9.89 0.48 7.07 0.01 40.50 -6.66 54.98
1.71 0.00 0.00 0.00 0.00 0.26 9.89 0.48 7.72 0.01 41.18 -5.28 52.17
1.72 0.00 0.00 0.00 0.00 -1.91 9.89 0.26 8.37 -12.92 38.82 -5.25 50.75
1.74 0.00 0.00 0.00 0.00 -1.91 10.97 0.04 8.91 -13.40 33.53 -5.23 47.25
1.76 0.00 0.00 0.00 0.00 -1.91 9.89 -0.17 9.34 -12.70 25.42 -5.19 44.54
1.77 0.00 0.00 0.00 0.00 0.26 10.97 -0.17 9.67 0.00 20.75 -5.19 39.90
1.79 0.00 0.00 0.00 0.00 -1.91 10.97 -0.61 9.99 -26.49 19.87 -9.18 37.20
1.80 0.00 0.00 0.00 0.00 -1.91 10.97 -0.82 10.21 -13.19 13.18 -9.14 33.10
1.82 0.00 0.00 0.00 0.00 -4.08 9.89 -1.26 10.21 -28.47 -0.01 -10.71 27.99
1.84 0.00 0.00 0.00 0.00 -1.91 9.89 -1.48 10.32 -13.26 6.63 -12.04 23.99
1.85 0.00 0.00 0.00 0.00 -1.91 9.89 -1.69 10.32 -13.32 -0.00 -13.37 19.94
1.87 0.00 0.00 0.00 0.00 0.26 9.89 -1.69 10.32 -0.00 0.00 -13.37 15.82
1.88 0.00 0.00 0.00 0.00 -1.91 8.80 -1.69 10.21 -0.00 -6.68 -12.08 11.27
1.90 0.00 0.00 0.00 0.00 -1.91 8.80 -1.69 9.99 -0.00 -13.49 -10.74 6.57
1.92 0.00 0.00 0.00 0.00 -1.91 7.72 -1.69 9.78 -0.00 -13.64 -9.47 2.66
1.93 0.00 0.00 0.00 0.00 -1.91 7.72 -1.91 9.45 -13.13 -19.70 -10.79 -1.38
1.95 0.00 0.00 0.00 0.00 -1.91 7.72 -1.91 9.13 -0.01 -20.15 -8.14 -5.38
1.97 0.00 0.00 0.00 0.00 -1.91 6.63 -1.91 8.69 -0.01 -26.45 -6.82 -9.35
1.98 0.00 0.00 0.00 0.00 -1.91 6.63 -1.69 8.37 13.35 -20.03 -2.64 -11.35
2.00 0.00 0.00 0.00 0.00 -1.91 5.55 -1.69 7.93 -0.01 -26.35 -1.31 -14.65
2.01 0.00 0.00 0.00 0.00 -1.91 4.46 -1.69 7.39 -0.02 -34.52 0.02 -18.10
2.03 0.00 0.00 0.00 0.00 -1.91 4.46 -1.91 6.85 -13.27 -33.17 -1.31 -21.42
2.05 0.00 0.00 0.00 0.00 -1.91 3.38 -1.91 6.31 -0.02 -32.82 -1.31 -24.03
2.06 0.00 0.00 0.00 0.00 -1.91 2.29 -1.91 5.66 -0.02 -38.24 -1.31 -26.51
2.08 0.00 0.00 0.00 0.00 -1.91 3.38 -1.91 5.22 -0.02 -27.90 -1.32 -27.93
2.10 0.00 0.00 0.00 0.00 0.26 1.20 -1.69 4.57 13.17 -39.63 1.32 -29.92
2.11 0.00 0.00 0.00 0.00 -1.91 1.20 -1.69 3.92 -0.03 -40.36 1.31 -31.95
2.13 0.00 0.00 0.00 0.00 0.26 1.20 -1.48 3.37 13.80 -34.58 2.69 -32.76
2.14 0.00 0.00 0.00 0.00 -1.92 0.11 -1.48 2.72 -0.03 -39.73 1.35 -34.73
2.16 0.00 0.00 0.00 0.00 0.26 -0.98 -1.26 2.07 14.40 -43.38 2.80 -36.43
2.18 0.00 0.00 0.00 0.00 0.26 0.11 -1.05 1.63 13.29 -26.67 4.13 -35.65
2.19 0.00 0.00 0.00 0.00 0.26 -0.98 -0.83 1.09 12.92 -32.43 6.75 -35.57
2.21 0.00 0.00 0.00 0.00 0.26 0.11 -0.61 0.76 13.81 -20.78 8.13 -34.37
2.22 0.00 0.00 0.00 0.00 0.25 -3.16 -0.40 0.22 13.08 -32.89 9.44 -33.83
2.24 0.00 0.00 0.00 0.00 0.25 -3.16 -0.18 -0.43 13.51 -40.75 10.79 -35.12
2.26 0.00 0.00 0.00 0.00 0.25 -2.07 -0.18 -0.76 -0.01 -20.09 9.47 -33.17
2.27 0.00 0.00 0.00 0.00 2.43 -3.16 0.26 -1.20 26.01 -26.12 12.08 -31.74
2.29 0.00 0.00 0.00 0.00 0.25 -4.25 0.26 -1.74 -0.02 -33.54 10.70 -31.64
2.31 0.00 0.00 0.00 0.00 2.43 -3.16 0.69 -2.07 26.70 -20.11 13.37 -29.68
2.32 0.00 0.00 0.00 0.00 2.43 -2.07 0.91 -2.18 13.48 -6.77 13.28 -26.02
2.34 0.00 0.00 0.00 0.00 2.43 -4.25 1.12 -2.62 13.24 -26.62 13.27 -26.01
2.36 0.00 0.00 0.00 0.00 0.25 -2.07 1.12 -2.72 -0.00 -6.91 11.98 -23.46
2.37 0.00 0.00 0.00 0.00 2.43 -0.98 1.34 -2.83 13.14 -6.59 11.91 -22.04
2.39 0.00 0.00 0.00 0.00 2.43 -2.07 1.56 -2.72 13.41 6.74 11.95 -18.08
2.40 0.00 0.00 0.00 0.00 2.43 -3.16 1.78 -2.72 13.22 0.00 11.92 -14.00
2.42 0.00 0.00 0.00 0.00 2.43 -0.98 1.99 -2.61 13.52 6.79 13.27 -11.31
2.44 0.00 0.00 0.00 0.00 2.43 -0.98 1.99 -2.40 -0.00 12.82 10.67 -7.42
2.45 0.00 0.00 0.00 0.00 2.43 0.11 2.21 -1.96 13.93 28.00 12.06 -1.27
2.47 0.00 0.00 0.00 0.00 0.26 -0.98 1.99 -1.74 -13.34 13.41 8.06 2.09
2.49 0.00 0.00 0.00 0.00 2.43 0.11 1.99 -1.52 -0.00 12.80 6.71 4.04
2.50 0.00 0.00 0.00 0.00 2.43 0.11 1.99 -1.09 -0.00 28.15 5.39 9.52
2.52 0.00 0.00 0.00 0.00 2.43 1.20 2.21 -0.76 13.63 20.52 6.75 12.26
2.53 0.00 0.00 0.00 0.00 0.26 1.20 1.99 -0.54 -13.24 13.29 4.11 14.25
2.55 0.00 0.00 0.00 0.00 0.26 2.29 1.78 -0.11 -13.64 27.39 1.41 16.32
2.57 0.00 0.00 0.00 0.00 0.26 2.29 1.56 0.44 -13.39 33.61 -1.25 19.68
2.58 0.00 0.00 0.00 0.00 0.26 2.29 1.34 0.77 -12.75 19.19 -3.88 20.92
2.60 0.00 0.00 0.00 0.00 0.26 4.46 1.13 1.31 -13.71 34.38 -5.25 23.07
2.62 0.00 0.00 0.00 0.00 0.26 3.38 0.91 1.64 -13.38 20.12 -7.98 22.29
2.63 0.00 0.00 0.00 0.00 0.26 4.46 0.91 2.18 0.01 33.29 -6.65 24.27
2.65 0.00 0.00 0.00 0.00 0.26 5.55 0.69 2.72 -13.42 33.62 -7.99 26.36
2.66 0.00 0.00 0.00 0.00 2.43 5.55 0.69 3.27 -0.00 34.06 -7.99 26.95
2.68 0.00 0.00 0.00 0.00 0.26 5.55 0.47 3.70 -13.09 26.23 -10.66 27.52
2.70 0.00 0.00 0.00 0.00 0.26 4.46 0.47 4.03 0.01 20.02 -9.33 28.19
2.71 0.00 0.00 0.00 0.00 0.26 6.63 0.47 4.46 0.01 26.53 -7.97 28.10
2.73 0.00 0.00 0.00 0.00 0.26 6.63 0.48 4.90 0.01 27.36 -6.63 27.48
2.75 0.00 0.00 0.00 0.00 0.26 6.63 0.48 5.33 0.01 25.77 -5.35 28.14
2.76 0.00 0.00 0.00 0.00 0.26 6.63 0.48 5.55 0.00 13.45 -3.98 26.05
2.78 0.00 0.00 0.00 0.00 0.26 6.63 0.48 5.87 0.01 20.05 -2.65 26.04
2.79 0.00 0.00 0.00 0.00 0.26 6.63 0.48 6.09 0.00 13.66 -2.65 24.08
2.81 0.00 0.00 0.00 0.00 0.26 6.63 0.48 6.20 0.00 6.69 -1.30 21.38
2.83 0.00 0.00 0.00 0.00 -1.91 6.63 0.04 6.31 -26.85 6.71 -3.99 18.65
2.84 0.00 0.00 0.00 0.00 0.26 5.55 0.04 6.31 0.00 0.00 -2.68 16.03
2.86 0.00 0.00 0.00 0.00 -1.91 6.63 -0.18 6.53 -13.66 13.67 -4.05 15.39
2.88 0.00 0.00 0.00 0.00 0.26 6.63 -0.18 6.53 0.00 0.00 -4.05 12.74
2.89 0.00 0.00 0.00 0.00 0.26 5.55 -0.18 6.42 -0.00 -6.59 -4.05 9.34
2.91 0.00 0.00 0.00 0.00 -1.91 5.55 -0.39 6.31 -13.65 -6.83 -5.41 6.08
2.92 0.00 0.00 0.00 0.00 -1.91 4.46 -0.61 6.09 -12.87 -12.88 -6.70 3.45
2.94 0.00 0.00 0.00 0.00 -1.91 5.55 -0.83 5.98 -13.44 -6.73 -8.05 0.77
2.96 0.00 0.00 0.00 0.00 -1.91 4.46 -1.04 5.76 -13.64 -13.65 -9.41 -1.96
2.97 0.00 0.00 0.00 0.00 -1.91 4.46 -1.26 5.55 -13.29 -13.30 -10.74 -3.96
2.99 0.00 0.00 0.00 0.00 0.26 2.29 -1.04 5.11 13.27 -26.60 -6.73 -7.29
3.01 0.00 0.00 0.00 0.00 -1.91 3.38 -1.26 4.90 -13.28 -13.30 -8.06 -8.62
3.02 0.00 0.00 0.00 0.00 -1.91 2.29 -1.26 4.46 -0.02 -26.69 -6.69 -12.66
3.04 0.00 0.00 0.00 0.00 -1.91 3.38 -1.48 4.14 -13.25 -19.89 -8.02 -14.65
3.05 0.00 0.00 0.00 0.00 -1.91 1.20 -1.70 3.70 -13.30 -26.61 -9.35 -16.65
3.07 0.00 0.00 0.00 0.00 0.26 0.11 -1.48 3.16 13.07 -32.77 -6.67 -19.24
3.09 0.00 0.00 0.00 0.00 0.26 1.20 -1.26 2.83 14.08 -21.18 -3.98 -20.07
3.10 0.00 0.00 0.00 0.00 0.26 1.20 -1.04 2.40 13.31 -26.69 -1.30 -22.07
3.12 0.00 0.00 0.00 0.00 0.26 1.20 -0.83 2.07 13.45 -20.23 1.40 -22.73
3.13 0.00 0.00 0.00 0.00 0.26 0.11 -0.61 1.64 13.25 -26.58 4.06 -24.05
3.15 0.00 0.00 0.00 0.00 0.26 -0.98 -0.61 1.31 -0.01 -21.26 2.73 -23.52
3.17 0.00 0.00 0.00 0.00 -1.92 -0.98 -0.61 0.87 -0.03 -26.44 4.06 -24.83
3.18 0.00 0.00 0.00 0.00 0.26 -0.98 -0.39 0.55 13.30 -20.03 5.39 -24.17
3.20 0.00 0.00 0.00 0.00 0.25 -2.07 -0.18 0.00 13.29 -33.39 8.04 -25.52
3.22 0.00 0.00 0.00 0.00 0.25 -2.07 0.04 -0.32 13.52 -20.37 10.72 -24.89
3.23 0.00 0.00 0.00 0.00 2.43 -3.16 0.26 -0.65 13.08 -19.72 10.73 -23.59
3.25 0.00 0.00 0.00 0.00 2.43 -2.07 0.47 -0.98 13.71 -20.64 10.69 -23.53
3.26 0.00 0.00 0.00 0.00 0.25 -2.07 0.47 -1.31 -0.01 -19.64 9.36 -22.83
3.28 0.00 0.00 0.00 0.00 0.25 -3.16 0.47 -1.74 -0.02 -27.78 8.01 -23.59
3.30 0.00 0.00 0.00 0.00 2.43 -0.98 0.69 -1.85 12.87 -6.46 7.97 -21.57
3.31 0.00 0.00 0.00 0.00 0.26 -0.98 0.69 -1.85 0.00 0.00 7.97 -19.45
3.33 0.00 0.00 0.00 0.00 2.43 -2.07 1.12 -1.96 25.75 -6.45 10.55 -17.45
3.35 0.00 0.00 0.00 0.00 0.26 -0.98 1.12 -1.96 0.00 0.00 9.22 -15.45
3.36 0.00 0.00 0.00 0.00 1.34 0.11 1.23 -1.74 6.73 13.51 8.56 -10.76
3.38 0.00 0.00 0.00 0.00 2.43 -0.98 1.45 -1.63 13.01 6.54 8.51 -8.06
3.39 0.00 0.00 0.00 0.00 2.43 -0.98 1.45 -1.41 -0.00 13.86 7.20 -4.71
3.41 0.00 0.00 0.00 0.00 2.43 1.20 1.45 -1.09 -0.00 20.24 5.83 -0.62
3.43 0.00 0.00 0.00 0.00 0.26 0.11 1.45 -0.87 0.01 13.07 5.84 2.65
3.44 0.00 0.00 0.00 0.00 2.43 0.11 1.67 -0.54 13.72 20.67 7.21 7.50
3.46 0.00 0.00 0.00 0.00 2.43 0.11 1.67 -0.43 -0.00 6.69 5.92 8.81
3.48 0.00 0.00 0.00 0.00 2.43 0.11 1.88 -0.32 13.17 6.61 7.24 9.47
3.49 0.00 0.00 0.00 0.00 0.26 2.29 1.67 0.11 -13.44 26.97 3.32 12.82
3.51 0.00 0.00 0.00 0.00 2.43 1.20 1.88 0.33 13.50 13.55 4.67 14.17
3.52 0.00 0.00 0.00 0.00 2.43 1.20 1.99 0.44 6.61 6.64 4.66 13.48
3.54 0.00 0.00 0.00 0.00 0.26 2.29 1.78 0.77 -13.47 20.28 2.01 14.86
3.56 0.00 0.00 0.00 0.00 2.43 2.29 1.78 1.09 -0.00 17.51 2.01 15.22
3.57 0.00 0.00 0.00 0.00 2.43 3.38 1.78 1.31 -0.00 15.42 2.01 14.74
3.59 0.00 0.00 0.00 0.00 2.43 3.38 1.99 1.64 13.23 19.90 3.33 15.42
3.61 0.00 0.00 0.00 0.00 0.26 2.29 1.78 1.85 -13.85 13.89 0.58 14.75
3.62 0.00 0.00 0.00 0.00 0.26 3.38 1.56 2.18 -12.94 19.46 -0.72 16.02
3.64 0.00 0.00 0.00 0.00 0.26 4.46 1.34 2.62 -13.50 27.06 -3.38 18.07
3.65 0.00 0.00 0.00 0.00 0.26 4.46 1.34 2.83 0.01 13.38 -2.04 16.71
3.67 0.00 0.00 0.00 0.00 0.26 4.46 1.13 3.16 -13.10 19.69 -4.70 17.32
3.69 0.00 0.00 0.00 0.00 2.43 3.38 1.13 3.38 -0.00 13.72 -5.36 18.03
3.70 0.00 0.00 0.00 0.00 0.26 4.46 1.13 3.59 0.00 13.27 -4.01 17.33
3.72 0.00 0.00 0.00 0.00 0.26 5.55 0.91 3.92 -13.50 20.29 -5.36 17.61
3.74 0.00 0.00 0.00 0.00 0.26 5.55 0.69 4.14 -13.45 13.47 -6.71 17.41
3.75 0.00 0.00 0.00 0.00 0.26 4.46 0.47 4.25 -13.16 6.59 -9.35 16.08
3.77 0.00 0.00 0.00 0.00 0.26 5.55 0.48 4.57 0.01 19.48 -7.96 16.64
3.78 0.00 0.00 0.00 0.00 -1.91 4.46 0.26 4.68 -13.48 6.74 -8.02 15.37
3.80 0.00 0.00 0.00 0.00 0.26 4.46 0.26 4.68 0.00 0.00 -6.67 12.66
3.82 0.00 0.00 0.00 0.00 -1.91 5.55 0.04 4.79 -12.91 6.46 -7.96 11.97
3.83 0.00 0.00 0.00 0.00 -1.91 5.55 -0.18 4.90 -13.88 6.94 -8.04 10.70
3.85 0.00 0.00 0.00 0.00 -1.91 4.46 -0.61 5.01 -27.23 6.81 -10.76 10.01
3.87 0.00 0.00 0.00 0.00 -1.91 4.46 -0.83 5.01 -13.28 -0.01 -12.09 8.68
3.88 0.00 0.00 0.00 0.00 -1.91 4.46 -1.04 4.90 -12.79 -6.41 -12.02 6.01
3.90 0.00 0.00 0.00 0.00 -1.91 4.46 -1.26 4.79 -13.89 -6.96 -12.06 3.96
3.91 0.00 0.00 0.00 0.00 -1.91 4.46 -1.48 4.79 -13.36 -0.01 -12.08 3.30
3.93 0.00 0.00 0.00 0.00 -1.91 4.46 -1.69 4.68 -13.34 -6.68 -13.42 0.69
3.95 0.00 0.00 0.00 0.00 -1.91 3.38 -1.69 4.57 -0.01 -6.58 -12.07 -0.64
3.96 0.00 0.00 0.00 0.00 -1.91 2.29 -1.91 4.35 -13.40 -13.43 -13.41 -1.99
3.98 0.00 0.00 0.00 0.00 -1.91 2.29 -1.91 4.03 -0.02 -19.96 -12.12 -4.63
4.00 0.00 0.00 0.00 0.00 -1.91 3.38 -1.91 3.81 -0.01 -13.72 -10.73 -6.69
4.01 0.00 0.00 0.00 0.00 -1.91 2.29 -1.91 3.59 -0.01 -13.41 -8.01 -8.71
4.03 0.00 0.00 0.00 0.00 -1.91 1.20 -1.91 3.27 -0.02 -19.79 -6.68 -10.69
4.04 0.00 0.00 0.00 0.00 -1.91 2.29 -1.91 3.05 -0.01 -13.45 -5.41 -11.40
4.06 0.00 0.00 0.00 0.00 -1.91 2.29 -1.91 2.83 -0.01 -13.37 -4.02 -12.04
4.08 0.00 0.00 0.00 0.00 -1.91 1.20 -1.91 2.51 -0.02 -19.50 -2.68 -13.99
4.09 0.00 0.00 0.00 0.00 -1.91 1.20 -1.91 2.18 -0.02 -20.96 -1.35 -15.42
4.11 0.00 0.00 0.00 0.00 -1.92 0.11 -1.91 1.85 -0.02 -19.66 -1.35 -16.72
4.13 0.00 0.00 0.00 0.00 -1.91 2.29 -1.91 1.85 0.00 0.00 -0.01 -15.38
4.14 0.00 0.00 0.00 0.00 -1.91 1.20 -1.91 1.74 -0.01 -6.66 -0.01 -14.05
4.16 0.00 0.00 0.00 0.00 -1.92 0.11 -1.91 1.42 -0.02 -21.15 -0.01 -14.79
4.17 0.00 0.00 0.00 0.00 -1.92 0.11 -1.91 1.20 -0.01 -13.56 -0.01 -14.81
4.19 0.00 0.00 0.00 0.00 -1.92 -0.98 -1.91 0.98 -0.02 -13.24 -0.01 -14.16
4.21 0.00 0.00 0.00 0.00 -0.83 0.11 -1.81 0.76 6.83 -13.72 0.67 -14.18
4.22 0.00 0.00 0.00 0.00 -1.92 -0.98 -1.81 0.44 -0.02 -19.84 0.67 -14.83
4.24 0.00 0.00 0.00 0.00 -1.92 -0.98 -1.81 0.22 -0.02 -13.34 0.67 -14.21
4.26 0.00 0.00 0.00 0.00 -1.92 -0.98 -1.81 0.00 -0.02 -13.12 0.67 -13.43
4.27 0.00 0.00 0.00 0.00 -1.92 -0.98 -1.81 -0.11 -0.01 -6.97 0.67 -12.16
4.29 0.00 0.00 0.00 0.00 0.26 0.11 -1.59 -0.33 13.59 -13.62 2.03 -13.52
4.30 0.00 0.00 0.00 0.00 0.25 -2.07 -1.37 -0.65 12.95 -19.51 3.33 -14.81
4.32 0.00 0.00 0.00 0.00 0.26 -0.98 -1.16 -0.76 13.67 -6.85 4.70 -13.38
4.34 0.00 0.00 0.00 0.00 0.26 -0.98 -0.94 -0.87 13.18 -6.61 6.02 -12.68
4.35 0.00 0.00 0.00 0.00 0.26 0.11 -0.72 -0.76 13.08 6.57 7.32 -10.70
4.37 0.00 0.00 0.00 0.00 0.26 1.20 -0.61 -0.65 6.99 7.01 7.34 -8.63
4.39 0.00 0.00 0.00 0.00 2.43 0.11 -0.18 -0.54 26.47 6.66 9.99 -5.98
4.40 0.00 0.00 0.00 0.00 0.26 -0.98 0.04 -0.54 13.23 0.01 11.31 -4.64
4.42 0.00 0.00 0.00 0.00 0.26 0.11 0.26 -0.43 13.66 6.87 12.68 -2.65
4.43 0.00 0.00 0.00 0.00 2.43 0.11 0.69 -0.32 26.88 6.76 15.37 -1.27
4.45 0.00 0.00 0.00 0.00 2.43 -0.98 0.91 -0.43 13.26 -6.65 15.34 -0.58
4.47 0.00 0.00 0.00 0.00 2.43 0.11 1.12 -0.21 13.38 13.43 15.38 2.72
4.48 0.00 0.00 0.00 0.00 2.43 2.29 1.34 0.11 13.38 20.13 15.35 5.42
4.50 0.00 0.00 0.00 0.00 2.43 1.20 1.56 0.33 13.06 13.11 15.34 7.39
4.52 0.00 0.00 0.00 0.00 2.43 0.11 1.78 0.33 13.03 0.00 15.33 6.73
4.53 0.00 0.00 0.00 0.00 2.43 1.20 1.99 0.33 13.50 0.00 15.99 6.03
4.55 0.00 0.00 0.00 0.00 0.26 1.20 1.78 0.44 -13.82 6.93 11.96 6.06
4.56 0.00 0.00 0.00 0.00 0.26 1.20 1.78 0.66 0.01 13.18 10.63 7.38
4.58 0.00 0.00 0.00 0.00 2.43 1.20 1.99 0.77 13.43 6.74 10.61 7.36
4.60 0.00 0.00 0.00 0.00 2.43 1.20 1.99 0.87 -0.00 6.68 7.92 7.36
4.61 0.00 0.00 0.00 0.00 2.43 1.20 1.99 1.09 -0.00 13.41 6.60 9.36
4.63 0.00 0.00 0.00 0.00 0.26 2.29 1.78 1.31 -13.26 13.30 3.93 9.35
4.65 0.00 0.00 0.00 0.00 2.43 2.29 1.78 1.31 -0.00 0.00 2.60 7.34
4.66 0.00 0.00 0.00 0.00 2.43 1.20 1.78 1.31 0.00 0.00 1.29 6.02
4.68 0.00 0.00 0.00 0.00 2.43 1.20 1.78 1.42 -0.00 6.74 -0.01 6.70
4.69 0.00 0.00 0.00 0.00 0.26 2.29 1.56 1.53 -13.16 6.59 -2.68 7.36
4.71 0.00 0.00 0.00 0.00 2.43 1.20 1.78 1.53 13.62 0.00 0.06 6.66
4.73 0.00 0.00 0.00 0.00 2.43 1.20 1.99 1.53 13.27 0.00 1.39 5.35
4.74 0.00 0.00 0.00 0.00 0.26 1.20 1.78 1.53 -13.55 -0.00 -1.31 4.67
4.76 0.00 0.00 0.00 0.00 0.26 2.29 1.56 1.64 -13.65 6.84 -2.67 4.69
4.78 0.00 0.00 0.00 0.00 2.43 2.29 1.56 1.75 -0.00 6.59 -2.67 4.01
4.79 0.00 0.00 0.00 0.00 2.43 0.11 1.78 1.53 12.96 -13.00 -0.05 1.38
4.81 0.00 0.00 0.00 0.00 0.26 2.29 1.56 1.53 -13.26 -0.00 -1.38 1.38
4.82 0.00 0.00 0.00 0.00 0.26 2.29 1.34 1.64 -13.70 6.87 -2.75 2.06
4.84 0.00 0.00 0.00 0.00 0.26 3.38 1.13 1.85 -13.14 13.17 -4.06 2.71
4.86 0.00 0.00 0.00 0.00 0.26 2.29 1.13 1.85 0.00 0.00 -2.75 2.05
4.87 0.00 0.00 0.00 0.00 2.43 2.29 1.13 1.96 -0.00 6.66 -4.11 2.71
4.89 0.00 0.00 0.00 0.00 0.26 3.38 0.91 2.18 -12.98 13.01 -6.73 4.01
4.91 0.00 0.00 0.00 0.00 0.26 3.38 0.91 2.40 0.01 13.40 -5.38 5.36
4.92 0.00 0.00 0.00 0.00 0.26 3.38 0.91 2.51 0.00 6.73 -4.01 5.34
4.94 0.00 0.00 0.00 0.00 0.26 3.38 0.69 2.62 -13.53 6.78 -5.36 5.36
4.95 0.00 0.00 0.00 0.00 -1.91 2.29 0.26 2.83 -25.64 12.85 -9.22 7.95
4.97 0.00 0.00 0.00 0.00 -1.91 2.29 0.04 2.83 -13.74 -0.01 -9.27 7.95
4.99 0.00 0.00 0.00 0.00 -1.91 2.29 -0.18 2.83 -13.23 -0.01 -9.23 7.26
5.00 0.00 0.00 0.00 0.00 -1.91 1.20 -0.39 2.61 -13.95 -13.98 -9.31 4.54
5.02 80.00 0.00 0.00 0.00 -1.91 1.20 -0.61 2.51 -12.95 -6.50 -10.60 3.89
5.04 80.00 0.00 0.00 0.00 -0.83 1.20 -0.94 2.40 -19.71 -6.59 -12.57 2.57
5.05 80.00 0.00 0.00 0.00 -1.91 1.20 -1.15 2.18 -13.72 -13.75 -12.65 -0.11
5.07 80.00 0.00 0.00 0.00 -1.91 1.20 -1.37 1.96 -13.42 -13.44 -13.99 -2.79
5.08 80.00 0.00 0.00 0.00 0.26 1.20 -1.37 1.74 -0.01 -13.24 -13.99 -4.79
5.10 80.00 0.00 0.00 0.00 0.26 2.29 -1.37 1.64 -0.00 -6.57 -12.64 -6.12
5.12 80.00 0.00 0.00 0.00 -1.91 2.29 -1.37 1.64 -0.00 0.00 -10.07 -7.41
5.13 80.00 0.00 0.00 0.00 2.43 1.20 -0.94 1.53 28.82 -7.21 -5.82 -8.13
5.15 80.00 0.00 0.00 0.00 2.43 2.29 -0.50 1.53 26.54 0.01 -1.84 -8.13
5.16 80.00 0.00 0.00 0.00 2.43 1.20 -0.07 1.53 28.20 0.01 2.38 -6.73
5.18 80.00 0.00 0.00 0.00 4.60 1.20 0.58 1.53 40.25 0.01 7.70 -6.08
5.20 80.00 0.00 0.00 0.00 6.77 2.29 1.34 1.64 47.58 6.80 14.42 -4.74
5.21 80.00 0.00 0.00 0.00 6.77 1.20 2.21 1.64 52.66 -0.01 21.06 -3.36
5.23 80.00 0.00 0.00 0.00 6.77 1.20 3.08 1.64 54.46 -0.01 27.85 -2.02
5.25 80.00 0.00 0.00 0.00 11.12 1.19 4.16 1.63 64.82 -0.06 34.33 -0.70
5.26 80.00 0.00 0.00 0.00 13.30 0.09 5.47 1.42 80.76 -13.59 42.41 -1.40
5.28 80.00 0.00 0.00 0.00 15.48 1.18 7.21 1.30 108.08 -6.90 53.22 -2.09
5.29 80.00 0.00 0.00 0.00 17.67 1.17 8.73 1.30 95.12 -0.21 59.85 -1.39
5.31 80.00 0.00 0.00 0.00 19.87 0.07 10.48 1.08 105.85 -13.50 67.78 -2.75
5.33 80.00 0.00 0.00 0.00 22.08 -1.04 12.44 0.85 121.52 -13.88 77.11 -4.14
5.34 80.00 0.00 0.00 0.00 24.26 2.23 14.41 0.96 122.08 6.38 85.29 -3.50
5.36 80.00 0.00 0.00 0.00 28.71 1.11 16.60 0.84 133.25 -7.18 93.86 -4.90
5.38 80.00 0.00 0.00 0.00 30.94 1.09 19.02 0.83 149.28 -0.68 103.52 -4.96
5.39 80.00 0.00 0.00 0.00 33.18 2.17 21.66 0.92 158.98 5.85 113.97 -4.38
5.41 80.00 0.00 0.00 0.00 37.72 1.03 24.32 0.91 164.89 -1.00 123.98 -4.47
5.42 80.00 0.00 0.00 0.00 39.99 2.11 26.99 1.11 163.85 12.40 132.29 -1.87
5.44 80.00 0.00 0.00 0.00 44.59 3.18 29.90 1.31 179.70 12.36 139.45 0.05
5.46 80.00 0.00 0.00 0.00 46.94 2.04 32.83 1.40 181.63 5.43 148.10 0.62
5.47 80.00 0.00 0.00 0.00 49.26 4.25 35.77 1.82 179.85 25.61 155.50 4.53
5.49 80.00 0.00 0.00 0.00 49.26 4.25 38.49 2.35 169.00 32.91 160.25 9.21
5.51 80.00 0.00 0.00 0.00 54.02 4.21 41.46 2.54 184.35 12.25 166.48 9.79
5.52 80.00 0.00 0.00 0.00 56.45 3.05 44.24 2.74 165.86 11.66 169.74 11.68
5.54 80.00 0.00 0.00 0.00 58.87 4.16 47.03 3.05 176.31 19.37 172.44 13.68
5.55 80.00 0.00 0.00 0.00 61.35 2.99 49.85 3.13 170.75 4.99 173.62 13.60
5.57 80.00 0.00 0.00 0.00 63.83 4.10 52.46 3.44 163.04 19.18 173.43 15.61
5.59 80.00 0.00 0.00 0.00 66.40 0.64 55.10 3.29 159.74 -8.93 173.02 13.48
5.60 80.00 0.00 0.00 0.00 68.90 4.04 57.53 3.37 147.58 5.21 169.81 12.77
5.62 80.00 0.00 0.00 0.00 71.46 5.16 59.98 3.68 152.34 19.34 166.88 14.16
5.64 80.00 0.00 0.00 0.00 72.77 5.14 62.33 3.77 144.52 5.47 163.35 12.14
5.65 80.00 0.00 0.00 0.00 74.10 3.97 64.81 3.75 155.19 -1.76 161.97 8.68
5.67 80.00 0.00 0.00 0.00 76.75 3.93 67.09 3.72 139.76 -1.69 157.51 7.28
5.68 80.00 0.00 0.00 0.00 76.73 5.09 69.12 3.92 124.18 12.49 153.34 7.37
5.70 80.00 0.00 0.00 0.00 79.47 2.72 71.18 3.78 124.88 -8.69 148.20 4.56
5.72 80.00 0.00 0.00 0.00 82.18 3.85 73.26 3.86 129.29 5.32 144.05 4.59
5.73 80.00 0.00 0.00 0.00 82.21 2.68 75.10 3.72 111.99 -8.67 138.95 1.81
5.75 80.00 0.00 0.00 0.00 82.21 2.68 76.68 3.93 97.62 12.60 132.73 3.96
5.77 80.00 0.00 0.00 0.00 87.80 3.76 78.57 3.90 116.12 -1.69 129.59 3.27
5.78 80.00 0.00 0.00 0.00 87.80 3.76 80.20 3.76 99.98 -8.53 124.35 0.49
5.80 80.00 0.00 0.00 0.00 87.82 2.58 81.71 3.50 95.59 -16.29 119.46 -1.69
5.81 80.00 0.00 0.00 0.00 87.82 2.58 83.08 3.36 83.56 -8.49 112.30 -2.36
5.83 80.00 0.00 0.00 0.00 87.85 1.39 84.19 3.11 68.64 -15.74 105.18 -3.77
5.85 80.00 0.00 0.00 0.00 87.95 -2.19 85.31 2.38 69.56 -45.15 99.72 -9.53
5.86 80.00 0.00 0.00 0.00 87.82 2.58 86.14 2.37 50.01 -0.89 92.24 -8.75
5.88 80.00 0.00 0.00 0.00 87.73 8.51 86.70 2.83 35.05 29.42 82.81 -6.34
5.90 80.00 0.00 0.00 0.00 87.88 0.20 87.27 2.58 34.67 -15.16 75.08 -6.99
5.91 80.00 0.00 0.00 0.00 87.85 1.39 87.83 2.45 34.05 -7.79 68.72 -9.03
5.93 80.00 0.00 0.00 0.00 90.80 -1.07 88.13 1.97 18.22 -29.29 58.93 -11.79
5.94 80.00 0.00 0.00 0.00 90.73 1.32 88.43 1.73 18.50 -15.36 50.79 -12.47
5.96 80.00 0.00 0.00 0.00 90.84 -2.27 88.73 1.24 18.74 -30.05 43.10 -13.85
5.98 80.00 0.00 0.00 0.00 88.00 -3.38 88.75 0.65 1.10 -37.18 34.85 -16.72
5.99 80.00 0.00 0.00 0.00 87.88 0.20 88.75 0.53 0.19 -7.14 28.01 -15.86
6.01 80.00 0.00 0.00 0.00 90.80 -1.07 89.03 0.64 17.92 7.03 22.84 -10.64
6.03 80.00 0.00 0.00 0.00 87.85 1.39 89.04 0.52 0.17 -7.11 17.86 -11.26
6.04 80.00 0.00 0.00 0.00 87.95 -2.19 89.06 -0.55 1.43 -67.78 14.50 -20.98
6.06 80.00 0.00 0.00 0.00 87.95 -2.19 89.07 -0.79 0.44 -14.18 11.07 -20.88
6.07 80.00 0.00 0.00 0.00 87.92 -1.00 89.07 -1.03 0.42 -14.84 7.71 -21.59
6.09 80.00 0.00 0.00 0.00 87.95 -2.19 88.79 -1.14 -17.58 -6.90 4.13 -19.35
6.11 80.00 0.00 0.00 0.00 88.09 -5.78 88.52 -1.85 -16.55 -44.50 0.63 -22.27
6.12 80.00 0.00 0.00 0.00 88.00 -3.38 88.24 -1.96 -17.57 -6.86 -3.00 -19.95
6.14 80.00 0.00 0.00 0.00 88.04 -4.58 88.24 -2.08 0.27 -7.13 -3.09 -16.94
6.16 80.00 0.00 0.00 0.00 87.92 -1.00 88.25 -2.20 0.24 -8.01 -3.08 -17.03
6.17 80.00 0.00 0.00 0.00 88.00 -3.38 87.97 -2.43 -17.17 -14.15 -6.59 -19.15
6.19 80.00 0.00 0.00 0.00 87.95 -2.19 87.98 -2.79 0.64 -21.74 -6.54 -20.61
6.20 80.00 0.00 0.00 0.00 87.92 -1.00 87.97 -2.67 -0.24 7.30 -6.71 -13.10
6.22 80.00 0.00 0.00 0.00 88.09 -5.78 87.99 -3.03 0.85 -22.43 -6.67 -13.93
6.24 80.00 0.00 0.00 0.00 85.12 -2.11 87.71 -3.14 -16.84 -6.70 -8.39 -13.11
6.25 80.00 0.00 0.00 0.00 88.09 -5.78 87.72 -3.50 0.85 -22.29 -6.55 -14.65
6.27 80.00 0.00 0.00 0.00 82.26 0.32 87.14 -2.89 -36.57 38.27 -8.55 -6.38
6.28 80.00 0.00 0.00 0.00 85.08 -0.92 86.85 -2.64 -17.60 14.85 -8.56 -4.20
6.30 80.00 0.00 0.00 0.00 85.05 0.26 86.55 -2.16 -18.96 30.64 -10.48 -0.43
6.32 80.00 0.00 0.00 0.00 85.05 0.26 86.26 -2.03 -16.86 7.38 -12.19 1.11
6.33 80.00 0.00 0.00 0.00 82.26 0.32 85.69 -1.66 -36.70 23.72 -14.14 4.90
6.35 80.00 0.00 0.00 0.00 82.33 -2.04 85.12 -1.65 -34.22 0.93 -17.63 7.17
6.37 80.00 0.00 0.00 0.00 82.26 0.32 84.56 -1.51 -35.18 8.20 -21.12 7.26
6.38 80.00 0.00 0.00 0.00 79.52 0.38 83.70 -0.90 -53.23 38.27 -26.53 13.33
6.40 80.00 0.00 0.00 0.00 82.26 0.32 83.41 -0.65 -16.97 14.46 -26.54 15.44
6.41 80.00 0.00 0.00 0.00 82.26 0.32 82.83 -0.04 -37.03 38.76 -30.33 21.55
6.43 80.00 0.00 0.00 0.00 82.26 0.32 82.83 -0.04 0.00 0.00 -26.67 17.72
6.45 80.00 0.00 0.00 0.00 80.88 0.35 82.41 0.08 -24.89 7.58 -27.40 16.99
6.46 80.00 0.00 0.00 0.00 79.49 1.55 81.86 0.21 -34.76 8.09 -28.98 14.74
6.48 80.00 0.00 0.00 0.00 79.55 -0.79 81.31 0.11 -34.18 -6.54 -30.72 13.35
6.50 80.00 0.00 0.00 0.00 79.52 0.38 81.03 0.11 -16.38 0.35 -28.68 11.01
6.51 80.00 0.00 0.00 0.00 79.55 -0.79 80.76 0.24 -17.63 7.91 -27.03 11.71
6.53 80.00 0.00 0.00 0.00 79.55 -0.79 80.48 0.13 -16.58 -6.81 -25.17 10.20
6.55 80.00 0.00 0.00 0.00 79.58 -1.96 80.49 -0.11 0.38 -14.03 -19.80 4.97
6.56 80.00 0.00 0.00 0.00 76.82 0.44 79.95 -0.10 -34.10 0.72 -21.52 3.60
6.58 80.00 0.00 0.00 0.00 76.82 0.44 79.40 -0.08 -33.32 0.71 -21.15 -0.20
6.59 80.00 0.00 0.00 0.00 79.62 -3.14 79.14 -0.43 -16.08 -21.08 -22.76 -2.31
6.61 80.00 0.00 0.00 0.00 79.55 -0.79 79.01 -0.54 -8.45 -7.23 -21.11 -3.79
6.63 80.00 0.00 0.00 0.00 76.85 -0.73 78.74 -0.77 -15.81 -13.65 -19.22 -5.97
6.64 80.00 0.00 0.00 0.00 79.55 -0.79 78.74 -0.77 -0.00 0.00 -15.80 -5.31
6.66 80.00 0.00 0.00 0.00 79.52 0.38 78.74 -0.77 0.00 0.00 -14.16 -5.35
6.67 80.00 0.00 0.00 0.00 79.58 -1.96 78.74 -0.89 0.20 -7.21 -12.38 -6.86
6.69 80.00 0.00 0.00 0.00 76.95 -4.24 78.48 -1.24 -16.58 -22.01 -12.38 -8.38
6.71 80.00 0.00 0.00 0.00 79.58 -1.96 78.48 -1.24 0.00 0.00 -12.41 -6.98
6.72 80.00 0.00 0.00 0.00 79.58 -1.96 78.76 -1.48 17.09 -14.86 -7.29 -8.53
6.74 80.00 0.00 0.00 0.00 79.58 -1.96 79.04 -1.72 16.93 -14.73 -2.27 -10.08
6.76 80.00 0.00 0.00 0.00 79.55 -0.79 79.03 -1.48 -0.43 14.58 -0.70 -6.51
6.77 80.00 0.00 0.00 0.00 79.58 -1.96 79.03 -1.60 0.20 -7.01 0.16 -6.49
6.79 80.00 0.00 0.00 0.00 79.58 -1.96 79.31 -1.72 17.23 -7.79 3.46 -5.90
6.81 80.00 0.00 0.00 0.00 79.62 -3.14 79.31 -1.96 0.42 -14.35 3.51 -7.34
6.82 80.00 0.00 0.00 0.00 79.55 -0.79 79.32 -2.07 0.18 -7.10 3.53 -8.05
6.84 80.00 0.00 0.00 0.00 82.36 -3.22 79.59 -2.20 17.74 -7.99 5.28 -8.13
6.85 80.00 0.00 0.00 0.00 79.55 -0.79 79.85 -1.85 15.84 21.02 8.52 -3.82
6.87 80.00 0.00 0.00 0.00 82.29 -0.86 80.13 -1.74 16.37 6.70 10.16 -3.15
6.89 80.00 0.00 0.00 0.00 82.33 -2.04 80.40 -1.75 17.22 -0.45 10.17 -1.71
6.90 80.00 0.00 0.00 0.00 83.68 -0.89 80.81 -1.64 23.04 6.05 10.78 0.37
6.92 80.00 0.00 0.00 0.00 82.45 -5.59 81.10 -2.12 19.76 -32.67 12.80 -4.36
6.94 80.00 0.00 0.00 0.00 82.33 -2.04 81.37 -2.13 16.76 -0.43 14.46 -3.70
6.95 80.00 0.00 0.00 0.00 85.08 -0.92 81.92 -2.03 33.58 6.36 16.09 -2.29
6.97 80.00 0.00 0.00 0.00 82.36 -3.22 82.20 -2.03 16.53 -0.46 17.70 -0.90
6.98 80.00 0.00 0.00 0.00 82.33 -2.04 82.48 -2.16 17.45 -7.82 19.43 -0.97
7.00 80.00 0.00 0.00 0.00 85.25 -5.68 82.76 -2.40 17.77 -15.19 19.43 -1.69
7.02 80.00 0.00 0.00 0.00 85.12 -2.11 83.32 -2.54 33.78 -8.01 21.23 -4.59
7.03 80.00 0.00 0.00 0.00 85.12 -2.11 83.60 -2.66 17.51 -7.78 21.34 -6.04
7.05 80.00 0.00 0.00 0.00 85.20 -4.49 83.89 -2.91 18.08 -15.43 21.42 -7.54
7.07 80.00 0.00 0.00 0.00 85.30 -6.87 84.05 -3.51 9.60 -35.54 20.08 -11.70
7.08 80.00 0.00 0.00 0.00 85.08 -0.92 84.32 -3.04 16.81 29.81 19.79 -5.45
7.10 80.00 0.00 0.00 0.00 85.12 -2.11 84.59 -3.05 17.06 -0.46 19.82 -5.45
7.11 80.00 0.00 0.00 0.00 88.14 -6.98 84.90 -3.65 18.82 -37.20 18.34 -9.81
7.13 80.00 0.00 0.00 0.00 85.16 -3.30 85.18 -3.66 16.74 -0.49 18.36 -9.81
7.15 80.00 0.00 0.00 0.00 85.20 -4.49 85.47 -3.91 17.88 -15.26 18.40 -10.55
7.16 80.00 0.00 0.00 0.00 85.20 -4.49 85.46 -3.79 -0.31 7.82 16.60 -8.25
7.18 80.00 0.00 0.00 0.00 85.20 -4.49 85.47 -4.02 0.50 -14.29 13.27 -8.88
7.19 80.00 0.00 0.00 0.00 85.12 -2.11 85.47 -4.02 -0.00 0.00 11.52 -8.10
7.21 80.00 0.00 0.00 0.00 85.25 -5.68 85.48 -4.14 0.28 -7.12 9.74 -7.27
7.23 80.00 0.00 0.00 0.00 85.16 -3.30 85.46 -3.79 -0.89 22.87 8.69 -1.43
7.24 80.00 0.00 0.00 0.00 88.14 -6.98 85.77 -4.39 18.53 -36.63 8.86 -8.08
7.26 80.00 0.00 0.00 0.00 85.16 -3.30 85.77 -4.51 0.24 -7.15 7.18 -8.75
7.28 80.00 0.00 0.00 0.00 85.08 -0.92 85.47 -3.90 -19.22 37.99 3.37 -1.23
7.29 80.00 0.00 0.00 0.00 85.20 -4.49 85.47 -4.02 0.27 -7.33 1.73 -1.91
7.31 80.00 0.00 0.00 0.00 85.12 -2.11 85.46 -3.79 -0.50 14.40 -0.11 1.05
7.32 80.00 0.00 0.00 0.00 82.36 -3.22 85.18 -3.66 -17.76 7.96 -1.86 1.07
7.34 80.00 0.00 0.00 0.00 85.25 -5.68 85.18 -3.78 0.28 -7.25 -1.88 1.77
7.36 80.00 0.00 0.00 0.00 82.36 -3.22 84.91 -3.89 -16.84 -6.77 -3.56 1.10
7.37 80.00 0.00 0.00 0.00 85.12 -2.11 84.89 -3.53 -0.77 21.29 -3.67 3.94
7.39 80.00 0.00 0.00 0.00 85.12 -2.11 84.89 -3.41 -0.25 7.57 -3.60 2.41
7.41 80.00 0.00 0.00 0.00 82.33 -2.04 84.31 -2.92 -35.96 30.57 -9.05 9.13
7.42 80.00 0.00 0.00 0.00 82.33 -2.04 84.03 -2.79 -17.25 7.70 -10.80 10.61
7.44 80.00 0.00 0.00 0.00 82.36 -3.22 83.75 -3.02 -16.98 -14.34 -10.58 5.38
7.45 80.00 0.00 0.00 0.00 82.29 -0.86 83.46 -2.66 -17.99 22.48 -12.40 8.36
7.47 80.00 0.00 0.00 0.00 85.12 -2.11 83.46 -2.66 0.00 0.00 -12.35 6.92
7.49 80.00 0.00 0.00 0.00 82.33 -2.04 83.46 -2.54 -0.22 6.73 -10.60 6.80
7.50 80.00 0.00 0.00 0.00 82.26 0.32 83.16 -1.94 -20.00 40.21 -12.63 11.54
7.52 80.00 0.00 0.00 0.00 82.36 -3.22 83.16 -1.94 0.00 0.00 -10.94 12.22
7.54 80.00 0.00 0.00 0.00 82.29 -0.86 82.88 -1.81 -17.18 7.63 -12.58 10.85
7.55 80.00 0.00 0.00 0.00 79.58 -1.96 82.33 -1.80 -33.91 0.89 -15.95 10.19
7.57 80.00 0.00 0.00 0.00 79.55 -0.79 82.05 -1.68 -17.11 7.67 -14.06 7.90
7.58 80.00 0.00 0.00 0.00 82.36 -3.22 82.05 -1.79 0.23 -7.29 -12.31 6.40
7.60 80.00 0.00 0.00 0.00 85.05 0.26 82.32 -1.45 16.66 21.61 -8.95 9.99
7.62 80.00 0.00 0.00 0.00 82.33 -2.04 82.32 -1.56 0.21 -7.09 -7.13 7.04
7.63 80.00 0.00 0.00 0.00 82.26 0.32 82.04 -1.32 -18.24 15.54 -8.96 8.59
7.65 80.00 0.00 0.00 0.00 79.62 -3.14 81.77 -1.43 -16.07 -6.56 -10.54 7.26
7.67 80.00 0.00 0.00 0.00 82.29 -0.86 81.77 -1.55 0.20 -7.35 -8.52 2.51
7.68 80.00 0.00 0.00 0.00 82.33 -2.04 81.77 -1.43 -0.23 7.24 -8.54 3.23
7.70 80.00 0.00 0.00 0.00 82.36 -3.22 81.77 -1.67 0.46 -14.93 -6.78 0.97
7.71 80.00 0.00 0.00 0.00 82.36 -3.22 82.05 -1.79 17.03 -7.67 -1.69 0.12
7.73 80.00 0.00 0.00 0.00 82.55 -7.96 82.35 -2.51 18.11 -43.32 1.84 -4.98
7.75 80.00 0.00 0.00 0.00 82.36 -3.22 82.35 -2.51 0.00 0.00 1.81 -4.25
7.76 80.00 0.00 0.00 0.00 82.36 -3.22 82.08 -2.86 -16.53 -21.44 -1.51 -8.56
7.78 80.00 0.00 0.00 0.00 79.58 -1.96 81.81 -2.85 -16.90 0.44 -3.22 -7.81
7.80 80.00 0.00 0.00 0.00 82.33 -2.04 81.82 -3.09 0.40 -14.31 -1.35 -10.79
7.81 80.00 0.00 0.00 0.00 82.33 -2.04 82.09 -2.98 16.63 6.78 1.92 -9.46
7.83 80.00 0.00 0.00 0.00 82.45 -5.59 82.10 -3.45 0.97 -28.94 2.00 -11.62
7.84 80.00 0.00 0.00 0.00 85.16 -3.30 82.38 -3.57 17.83 -7.96 3.80 -13.13
7.86 80.00 0.00 0.00 0.00 82.45 -5.59 82.39 -3.81 0.53 -14.60 3.81 -13.10
7.88 80.00 0.00 0.00 0.00 82.45 -5.59 82.40 -4.05 0.52 -14.51 2.16 -13.79
7.89 80.00 0.00 0.00 0.00 82.45 -5.59 82.39 -3.81 -0.61 14.70 0.29 -7.98
7.91 80.00 0.00 0.00 0.00 82.36 -3.22 82.39 -3.81 0.00 0.00 0.29 -7.98
7.93 80.00 0.00 0.00 0.00 82.36 -3.22 82.39 -3.81 0.00 0.00 1.94 -5.84
7.94 80.00 0.00 0.00 0.00 82.50 -6.77 82.68 -4.29 18.15 -29.94 5.44 -8.88
7.96 80.00 0.00 0.00 0.00 82.29 -0.86 82.68 -4.17 -0.21 7.11 5.38 -6.73
7.97 80.00 0.00 0.00 0.00 85.16 -3.30 82.96 -4.30 17.89 -7.98 5.51 -8.21
7.99 80.00 0.00 0.00 0.00 82.33 -2.04 82.95 -3.94 -0.75 21.70 5.33 -3.15
8.01 80.00 0.00 0.00 0.00 85.16 -3.30 82.95 -3.94 0.00 0.00 3.55 -2.35
8.02 80.00 0.00 0.00 0.00 82.36 -3.22 82.94 -3.71 -0.54 14.84 3.45 0.59
8.04 80.00 0.00 0.00 0.00 82.33 -2.04 82.93 -3.35 -0.77 22.14 3.32 4.26
8.06 80.00 0.00 0.00 0.00 82.33 -2.04 82.92 -3.00 -0.75 21.54 3.30 4.94
8.07 80.00 0.00 0.00 0.00 85.16 -3.30 83.20 -3.01 16.92 -0.49 4.99 4.89
8.09 80.00 0.00 0.00 0.00 82.33 -2.04 83.19 -2.89 -0.23 7.27 4.97 5.62
8.11 80.00 0.00 0.00 0.00 82.36 -3.22 83.18 -2.53 -0.79 21.03 3.08 10.72
8.12 80.00 0.00 0.00 0.00 85.16 -3.30 83.47 -2.78 18.12 -15.45 4.91 8.46
8.14 80.00 0.00 0.00 0.00 82.29 -0.86 83.18 -2.53 -17.35 14.80 1.39 10.74
8.15 80.00 0.00 0.00 0.00 85.12 -2.11 83.46 -2.54 18.85 -0.51 3.35 8.52
8.17 80.00 0.00 0.00 0.00 85.08 -0.92 83.45 -2.30 -0.45 14.08 3.30 9.92
8.19 80.00 0.00 0.00 0.00 85.12 -2.11 83.73 -2.19 17.74 7.14 5.13 9.15
8.20 80.00 0.00 0.00 0.00 85.16 -3.30 84.01 -2.32 17.39 -7.76 6.94 6.16
8.22 80.00 0.00 0.00 0.00 85.05 0.26 84.28 -2.09 16.59 14.01 8.68 5.41
8.23 80.00 0.00 0.00 0.00 82.33 -2.04 84.00 -1.96 -17.40 7.77 5.25 6.24
8.25 80.00 0.00 0.00 0.00 85.20 -4.49 84.29 -2.21 17.93 -15.31 7.06 3.98
8.27 80.00 0.00 0.00 0.00 82.33 -2.04 84.28 -2.09 -0.23 7.12 7.12 2.59
8.28 80.00 0.00 0.00 0.00 85.12 -2.11 84.28 -1.97 -0.25 7.44 5.28 4.88
8.30 80.00 0.00 0.00 0.00 85.30 -6.87 84.58 -2.57 17.76 -35.59 8.79 -0.16
8.32 80.00 0.00 0.00 0.00 85.05 0.26 84.57 -2.33 -0.44 14.89 6.86 1.38
8.33 80.00 0.00 0.00 0.00 79.55 -0.79 84.02 -2.32 -33.91 0.82 3.52 0.05
8.35 80.00 0.00 0.00 0.00 82.33 -2.04 83.74 -2.31 -17.42 0.47 0.00 -0.61
8.36 80.00 0.00 0.00 0.00 82.33 -2.04 83.46 -2.19 -17.09 7.63 -3.45 0.92
8.38 80.00 0.00 0.00 0.00 82.33 -2.04 83.18 -2.42 -16.37 -13.83 -6.74 -1.86
8.40 80.00 0.00 0.00 0.00 85.12 -2.11 83.46 -2.43 17.91 -0.48 -3.21 -2.68
8.41 80.00 0.00 0.00 0.00 85.12 -2.11 83.45 -2.19 -0.47 13.54 -5.05 0.20
8.43 80.00 0.00 0.00 0.00 82.41 -4.40 83.46 -2.42 0.52 -15.66 -4.98 -2.08
8.45 80.00 0.00 0.00 0.00 85.16 -3.30 83.47 -2.54 0.25 -7.31 -4.93 -3.55
8.46 80.00 0.00 0.00 0.00 85.30 -6.87 83.47 -2.54 0.00 -0.00 -6.70 0.01
8.48 80.00 0.00 0.00 0.00 82.36 -3.22 83.20 -2.89 -16.54 -21.45 -8.31 -3.63
8.49 80.00 0.00 0.00 0.00 82.33 -2.04 83.48 -3.01 16.44 -7.37 -3.28 -4.45
8.51 80.00 0.00 0.00 0.00 82.33 -2.04 83.48 -3.01 0.00 0.00 -1.53 -4.49
8.53 80.00 0.00 0.00 0.00 82.33 -2.04 83.48 -3.01 -0.00 0.00 0.17 -5.26
8.54 80.00 0.00 0.00 0.00 82.41 -4.40 83.48 -3.25 0.47 -14.15 1.86 -5.29
8.56 80.00 0.00 0.00 0.00 82.36 -3.22 83.21 -3.36 -17.10 -6.88 -1.64 -5.93
8.58 80.00 0.00 0.00 0.00 82.36 -3.22 82.93 -3.47 -16.95 -6.82 -3.29 -7.96
8.59 80.00 0.00 0.00 0.00 82.36 -3.22 82.93 -3.35 -0.25 7.27 -3.37 -5.67
8.61 80.00 0.00 0.00 0.00 82.41 -4.40 82.65 -3.46 -17.05 -6.84 -5.10 -5.62
8.62 80.00 0.00 0.00 0.00 82.33 -2.04 82.36 -2.98 -18.48 30.11 -6.95 -2.61
8.64 80.00 0.00 0.00 0.00 82.36 -3.22 82.36 -2.98 0.00 0.00 -5.29 -0.47
8.66 80.00 0.00 0.00 0.00 82.50 -6.77 82.37 -3.45 1.05 -28.98 -6.83 -2.63
8.67 80.00 0.00 0.00 0.00 82.36 -3.22 82.38 -3.57 0.23 -7.08 -6.81 -3.34
8.69 80.00 0.00 0.00 0.00 82.36 -3.22 82.38 -3.69 0.24 -7.42 -6.78 -4.08
8.71 80.00 0.00 0.00 0.00 82.45 -5.59 82.39 -3.81 0.27 -7.30 -6.80 -3.39
8.72 80.00 0.00 0.00 0.00 82.33 -2.04 82.38 -3.69 -0.23 7.25 -5.12 -1.98
8.74 80.00 0.00 0.00 0.00 82.41 -4.40 82.39 -3.81 0.25 -7.32 -3.40 -2.03
8.75 80.00 0.00 0.00 0.00 82.36 -3.22 82.39 -3.81 0.00 -0.00 -3.37 -2.76
8.77 80.00 0.00 0.00 0.00 82.36 -3.22 82.38 -3.69 -0.26 7.37 -1.69 -1.34
8.79 80.00 0.00 0.00 0.00 82.41 -4.40 82.39 -3.93 0.49 -14.52 0.20 -5.80
8.80 80.00 0.00 0.00 0.00 82.33 -2.04 82.39 -3.81 -0.24 7.33 0.18 -5.07
8.82 80.00 0.00 0.00 0.00 82.29 -0.86 82.37 -3.22 -1.25 36.01 -0.05 1.43
8.84 80.00 0.00 0.00 0.00 82.36 -3.22 82.37 -3.22 0.00 0.00 -0.07 2.14
8.85 80.00 0.00 0.00 0.00 82.33 -2.04 82.36 -3.10 -0.24 7.32 -0.12 3.61
8.87 80.00 0.00 0.00 0.00 82.36 -3.22 82.35 -2.86 -0.54 14.86 -0.20 5.83
8.88 80.00 0.00 0.00 0.00 82.36 -3.22 82.36 -2.98 0.23 -7.24 -0.15 4.38
8.90 80.00 0.00 0.00 0.00 82.45 -5.59 82.36 -3.10 0.27 -7.13 -0.15 4.40
8.92 80.00 0.00 0.00 0.00 82.45 -5.59 82.37 -3.34 0.52 -14.36 -0.10 2.96
8.93 80.00 0.00 0.00 0.00 85.16 -3.30 82.65 -3.34 17.36 -0.51 1.66 2.18
8.95 80.00 0.00 0.00 0.00 82.36 -3.22 82.65 -3.23 -0.25 7.26 1.59 4.35
8.97 80.00 0.00 0.00 0.00 82.33 -2.04 82.65 -3.23 -0.00 0.00 1.61 3.62
8.98 80.00 0.00 0.00 0.00 82.36 -3.22 82.65 -3.46 0.44 -14.28 1.78 -1.41
9.00 80.00 0.00 0.00 0.00 85.16 -3.30 82.93 -3.47 17.48 -0.51 3.53 -1.46
9.01 80.00 0.00 0.00 0.00 82.36 -3.22 82.94 -3.59 0.23 -7.02 3.57 -2.89
9.03 80.00 0.00 0.00 0.00 82.33 -2.04 82.93 -3.47 -0.24 7.40 3.60 -3.64
9.05 80.00 0.00 0.00 0.00 82.33 -2.04 82.93 -3.35 -0.24 7.45 3.56 -2.17
9.06 80.00 0.00 0.00 0.00 82.36 -3.22 82.92 -3.12 -0.52 14.36 3.48 -0.02
9.08 80.00 0.00 0.00 0.00 82.33 -2.04 82.91 -2.76 -0.75 21.70 3.35 3.58
9.10 80.00 0.00 0.00 0.00 85.12 -2.11 82.90 -2.64 -0.25 7.35 1.59 4.37
9.11 80.00 0.00 0.00 0.00 82.50 -6.77 82.92 -3.00 0.83 -22.17 1.70 1.43
9.13 80.00 0.00 0.00 0.00 82.45 -5.59 82.93 -3.35 0.76 -21.81 1.77 -0.75
9.14 80.00 0.00 0.00 0.00 82.33 -2.04 82.93 -3.23 -0.23 7.01 1.71 1.37
9.16 80.00 0.00 0.00 0.00 79.58 -1.96 82.37 -3.10 -36.94 8.84 -3.73 2.31
9.18 80.00 0.00 0.00 0.00 82.36 -3.22 82.37 -3.10 -0.00 0.00 -3.76 3.01
9.19 80.00 0.00 0.00 0.00 82.36 -3.22 82.37 -3.22 0.24 -7.36 -3.71 1.54
9.21 80.00 0.00 0.00 0.00 82.36 -3.22 82.38 -3.34 0.24 -7.38 -3.66 0.05
9.22 80.00 0.00 0.00 0.00 82.33 -2.04 82.37 -3.22 -0.23 7.19 -3.63 -0.66
9.24 80.00 0.00 0.00 0.00 82.29 -0.86 82.37 -3.10 -0.22 7.38 -3.58 -2.10
9.26 80.00 0.00 0.00 0.00 82.36 -3.22 82.09 -3.21 -16.56 -6.66 -5.21 -3.50
9.27 80.00 0.00 0.00 0.00 85.30 -6.87 82.37 -3.22 17.22 -0.62 -3.57 -1.34
9.29 80.00 0.00 0.00 0.00 85.16 -3.30 82.64 -2.99 16.67 14.09 -1.98 2.25
9.31 80.00 0.00 0.00 0.00 82.29 -0.86 82.64 -2.87 -0.21 7.07 -1.98 2.26
9.32 80.00 0.00 0.00 0.00 82.33 -2.04 82.91 -2.88 17.74 -0.46 3.49 1.33
9.34 80.00 0.00 0.00 0.00 82.33 -2.04 82.91 -2.76 -0.23 7.10 3.47 2.04
9.35 80.00 0.00 0.00 0.00 82.33 -2.04 82.91 -2.65 -0.24 7.40 3.42 3.51
9.37 80.00 0.00 0.00 0.00 82.29 -0.86 82.90 -2.41 -0.44 14.36 3.35 5.69
9.39 80.00 0.00 0.00 0.00 85.12 -2.11 83.18 -2.42 17.41 -0.47 5.12 4.92
9.40 80.00 0.00 0.00 0.00 82.33 -2.04 83.18 -2.53 0.21 -7.20 5.16 3.46
9.42 80.00 0.00 0.00 0.00 82.45 -5.59 83.19 -2.77 0.53 -14.82 6.87 2.65
9.44 80.00 0.00 0.00 0.00 82.29 -0.86 82.89 -2.17 -18.17 36.40 3.33 6.35
9.45 80.00 0.00 0.00 0.00 82.29 -0.86 82.60 -1.93 -17.17 14.64 -0.06 6.40
9.47 80.00 0.00 0.00 0.00 82.33 -2.04 82.61 -2.04 0.22 -7.29 -0.01 4.97
9.48 80.00 0.00 0.00 0.00 85.08 -0.92 82.88 -1.93 17.00 6.86 -0.09 5.70
9.50 80.00 0.00 0.00 0.00 85.16 -3.30 83.17 -2.06 17.90 -7.99 1.73 4.19
9.52 80.00 0.00 0.00 0.00 82.33 -2.04 83.17 -2.06 0.00 0.00 1.75 3.45
9.53 80.00 0.00 0.00 0.00 82.33 -2.04 83.17 -2.18 0.21 -7.09 1.81 1.30
9.55 80.00 0.00 0.00 0.00 82.45 -5.59 82.90 -2.52 -16.36 -21.32 -1.56 -0.78
9.57 80.00 0.00 0.00 0.00 82.45 -5.59 82.92 -2.88 0.78 -22.52 -1.51 -2.31
9.58 80.00 0.00 0.00 0.00 85.12 -2.11 83.18 -2.53 15.88 20.70 0.03 1.24
9.60 80.00 0.00 0.00 0.00 82.50 -6.77 83.20 -3.12 1.31 -37.74 1.98 -6.18
9.61 80.00 0.00 0.00 0.00 82.41 -4.40 83.21 -3.48 0.68 -21.21 3.76 -9.76
9.63 80.00 0.00 0.00 0.00 82.50 -6.77 83.23 -3.95 1.07 -29.53 3.85 -11.98
9.65 80.00 0.00 0.00 0.00 82.41 -4.40 82.96 -4.30 -16.30 -21.20 0.52 -14.79
9.66 80.00 0.00 0.00 0.00 82.33 -2.04 82.68 -4.17 -17.63 7.87 -3.04 -13.20
9.68 80.00 0.00 0.00 0.00 82.41 -4.40 82.69 -4.41 0.49 -14.49 -2.99 -14.65
9.70 80.00 0.00 0.00 0.00 82.33 -2.04 82.69 -4.41 -0.00 0.00 -3.01 -13.94
9.71 80.00 0.00 0.00 0.00 82.36 -3.22 82.68 -4.17 -0.53 14.58 -1.43 -10.35
9.73 80.00 0.00 0.00 0.00 82.36 -3.22 82.67 -3.94 -0.53 14.61 -1.56 -6.64
9.75 80.00 0.00 0.00 0.00 82.36 -3.22 82.40 -4.05 -16.66 -6.70 -4.81 -9.38
9.76 80.00 0.00 0.00 0.00 79.58 -1.96 82.10 -3.57 -17.80 29.36 -6.72 -2.67
9.78 80.00 0.00 0.00 0.00 82.33 -2.04 82.10 -3.33 -0.50 14.85 -6.84 0.93
9.79 80.00 0.00 0.00 0.00 82.33 -2.04 82.08 -2.86 -1.04 28.92 -7.05 6.78
9.81 80.00 0.00 0.00 0.00 82.33 -2.04 82.07 -2.62 -0.50 14.92 -5.47 10.39
9.83 80.00 0.00 0.00 0.00 82.41 -4.40 82.08 -2.86 0.48 -14.21 -3.66 8.18
9.84 80.00 0.00 0.00 0.00 83.80 -4.44 82.22 -2.86 8.48 -0.26 -2.86 9.61
9.86 80.00 0.00 0.00 0.00 82.33 -2.04 82.22 -2.86 -0.00 0.00 -2.86 9.61
9.88 80.00 0.00 0.00 0.00 82.36 -3.22 82.22 -2.86 0.00 0.00 -2.81 8.15
9.89 80.00 0.00 0.00 0.00 82.41 -4.40 82.22 -2.98 0.25 -7.08 -2.73 5.98
9.91 80.00 0.00 0.00 0.00 82.45 -5.59 82.23 -3.22 0.55 -15.11 -1.01 5.14
9.92 80.00 0.00 0.00 0.00 85.12 -2.11 82.78 -3.23 30.19 -0.80 3.79 2.12
9.94 80.00 0.00 0.00 0.00 82.33 -2.04 82.78 -3.23 -0.00 0.00 3.84 0.64
9.96 80.00 0.00 0.00 0.00 82.36 -3.22 82.79 -3.35 0.23 -7.11 3.97 -2.97
9.97 80.00 0.00 0.00 0.00 82.33 -2.04 82.79 -3.35 0.00 0.00 4.02 -4.46
9.99 80.00 0.00 0.00 0.00 82.29 -0.86 82.78 -2.99 -0.72 22.24 3.90 -0.81
10.00 80.00 0.00 0.00 0.00 82.36 -3.22 82.63 -2.87 -8.73 7.48 2.18 -0.04
10.02 80.00 0.00 0.00 0.00 82.45 -5.59 82.65 -3.23 0.77 -22.22 2.25 -2.26
10.04 80.00 0.00 0.00 0.00 82.36 -3.22 82.65 -3.23 0.00 0.00 2.25 -2.26
10.05 80.00 0.00 0.00 0.00 82.33 -2.04 82.64 -2.99 -0.49 14.72 2.18 -0.08
10.07 80.00 0.00 0.00 0.00 82.29 -0.86 82.62 -2.52 -0.95 28.41 2.03 4.27
10.09 80.00 0.00 0.00 0.00 82.33 -2.04 82.34 -2.51 -17.29 0.46 -2.72 4.40
10.10 80.00 0.00 0.00 0.00 82.29 -0.86 82.34 -2.39 -0.21 7.14 -2.74 5.11
10.12 80.00 0.00 0.00 0.00 79.49 1.55 82.05 -1.91 -17.97 29.84 -4.56 8.81
10.13 80.00 0.00 0.00 0.00 82.29 -0.86 82.05 -1.80 -0.21 7.20 -4.58 9.53
10.15 80.00 0.00 0.00 0.00 82.29 -0.86 82.05 -1.80 0.00 -0.00 -4.51 7.30
10.17 80.00 0.00 0.00 0.00 82.29 -0.86 82.04 -1.56 -0.46 15.00 -3.68 8.05
10.18 80.00 0.00 0.00 0.00 82.29 -0.86 82.03 -1.09 -0.97 28.87 -3.86 13.16
10.20 80.00 0.00 0.00 0.00 85.25 -5.68 82.31 -1.33 17.71 -15.14 -2.08 11.65
10.22 80.00 0.00 0.00 0.00 83.68 -0.89 82.45 -1.22 8.10 6.86 -1.23 10.87
10.23 80.00 0.00 0.00 0.00 82.36 -3.22 82.46 -1.45 0.44 -14.38 -1.09 6.59
10.25 80.00 0.00 0.00 0.00 82.29 -0.86 82.45 -1.34 -0.22 7.58 0.62 7.30
10.26 80.00 0.00 0.00 0.00 82.29 -0.86 82.45 -1.34 0.00 0.00 0.64 6.58
10.28 80.00 0.00 0.00 0.00 82.29 -0.86 82.73 -1.58 17.58 -15.12 4.20 2.09
10.30 80.00 0.00 0.00 0.00 85.08 -0.92 83.01 -1.58 16.48 -0.40 5.87 1.33
10.31 80.00 0.00 0.00 0.00 82.29 -0.86 83.01 -1.58 0.00 0.00 5.87 1.33
10.33 80.00 0.00 0.00 0.00 82.23 1.50 83.01 -1.35 -0.37 14.51 5.87 1.28
10.34 80.00 0.00 0.00 0.00 82.26 0.32 83.00 -1.23 -0.20 7.37 5.95 -0.87
10.36 80.00 0.00 0.00 0.00 82.26 0.32 82.70 -0.63 -18.29 36.78 2.35 4.32
10.38 80.00 0.00 0.00 0.00 82.29 -0.86 82.57 -0.63 -8.37 0.20 0.70 3.65
10.39 80.00 0.00 0.00 0.00 82.29 -0.86 82.56 -0.39 -0.44 14.36 0.62 6.53
10.41 80.00 0.00 0.00 0.00 82.33 -2.04 82.56 -0.51 0.22 -7.35 0.66 5.03
10.43 80.00 0.00 0.00 0.00 82.29 -0.86 82.56 -0.51 -0.00 0.00 0.66 5.03
10.44 80.00 0.00 0.00 0.00 82.33 -2.04 82.57 -0.63 0.21 -7.19 -1.08 5.83
10.46 80.00 0.00 0.00 0.00 82.29 -0.86 82.29 -0.62 -17.59 0.43 -4.48 5.91
10.48 80.00 0.00 0.00 0.00 80.92 -0.82 82.15 -0.62 -8.58 0.21 -5.34 5.93
10.49 80.00 0.00 0.00 0.00 82.29 -0.86 82.15 -0.85 0.35 -13.66 -5.27 3.11
10.51 80.00 0.00 0.00 0.00 82.33 -2.04 82.16 -1.09 0.42 -14.84 -5.21 0.89
10.52 80.00 0.00 0.00 0.00 85.12 -2.11 82.45 -1.33 17.81 -15.18 -1.60 -4.30
10.54 80.00 0.00 0.00 0.00 82.33 -2.04 82.45 -1.45 0.21 -6.98 -0.74 -5.02
10.56 80.00 0.00 0.00 0.00 82.33 -2.04 82.45 -1.57 0.22 -7.44 -0.67 -7.20
10.57 80.00 0.00 0.00 0.00 79.66 -4.32 82.19 -1.80 -16.38 -14.01 -2.33 -7.87
10.59 80.00 0.00 0.00 0.00 82.33 -2.04 82.19 -1.91 0.21 -7.13 -2.31 -8.58
10.61 80.00 0.00 0.00 0.00 82.36 -3.22 82.19 -2.03 0.24 -7.51 -2.31 -8.61
10.62 80.00 0.00 0.00 0.00 82.41 -4.40 82.21 -2.39 0.70 -21.83 -0.48 -10.84
10.64 80.00 0.00 0.00 0.00 82.33 -2.04 82.35 -2.51 8.70 -7.47 1.25 -11.60
10.65 80.00 0.00 0.00 0.00 83.75 -3.26 82.49 -2.75 8.88 -14.59 2.10 -11.70
10.67 80.00 0.00 0.00 0.00 82.36 -3.22 82.50 -2.87 0.23 -7.27 2.08 -10.94
10.69 80.00 0.00 0.00 0.00 82.41 -4.40 82.23 -3.09 -16.78 -14.18 -1.38 -10.84
10.70 80.00 0.00 0.00 0.00 82.41 -4.40 82.23 -3.33 0.50 -14.94 -1.35 -11.64
10.72 80.00 0.00 0.00 0.00 82.41 -4.40 82.24 -3.57 0.48 -14.47 -1.32 -12.34
10.74 80.00 0.00 0.00 0.00 82.45 -5.59 82.52 -3.69 17.24 -7.83 2.04 -11.72
10.75 80.00 0.00 0.00 0.00 85.12 -2.11 82.80 -3.70 17.21 -0.46 3.74 -11.05
10.77 80.00 0.00 0.00 0.00 82.29 -0.86 82.79 -3.47 -0.44 14.34 3.67 -8.87
10.78 80.00 0.00 0.00 0.00 82.41 -4.40 82.79 -3.47 -0.00 0.00 3.60 -6.69
10.80 80.00 0.00 0.00 0.00 82.41 -4.40 82.80 -3.70 0.49 -14.64 2.78 -7.40
10.82 80.00 0.00 0.00 0.00 82.33 -2.04 82.66 -3.58 -8.81 7.54 1.01 -5.19
10.83 80.00 0.00 0.00 0.00 82.36 -3.22 82.66 -3.58 0.00 0.00 0.99 -4.46
10.85 80.00 0.00 0.00 0.00 82.45 -5.59 82.66 -3.70 0.27 -7.35 2.70 -3.78
10.87 80.00 0.00 0.00 0.00 82.36 -3.22 82.66 -3.58 -0.25 7.29 2.62 -1.56
10.88 80.00 0.00 0.00 0.00 82.50 -6.77 82.67 -3.82 0.54 -13.98 2.63 -1.51
10.90 80.00 0.00 0.00 0.00 82.45 -5.59 82.67 -3.82 0.00 0.00 0.90 -0.73
10.91 80.00 0.00 0.00 0.00 82.29 -0.86 82.38 -3.69 -17.05 7.57 -2.52 0.08
10.93 80.00 0.00 0.00 0.00 82.29 -0.86 82.38 -3.69 0.00 -0.00 -2.48 -1.36
10.95 80.00 0.00 0.00 0.00 85.16 -3.30 82.66 -3.58 17.64 7.07 -0.72 -0.65
10.96 80.00 0.00 0.00 0.00 82.26 0.32 82.65 -3.11 -0.90 29.14 -0.85 3.73
10.98 80.00 0.00 0.00 0.00 82.29 -0.86 82.64 -2.99 -0.21 7.00 0.01 3.67
11.00 80.00 0.00 0.00 0.00 82.29 -0.86 82.63 -2.76 -0.46 14.96 -0.04 5.17
11.01 80.00 0.00 0.00 0.00 82.41 -4.40 82.63 -2.64 -0.27 7.22 -0.10 6.63
11.03 80.00 0.00 0.00 0.00 85.25 -5.68 82.92 -2.88 17.85 -15.26 1.72 4.37
11.04 80.00 0.00 0.00 0.00 82.29 -0.86 82.90 -2.29 -1.24 35.54 1.54 9.32
11.06 80.00 0.00 0.00 0.00 85.08 -0.92 83.16 -1.83 16.76 29.72 3.21 12.30
11.08 80.00 0.00 0.00 0.00 82.26 0.32 83.16 -1.71 -0.19 6.96 4.90 12.24
11.09 80.00 0.00 0.00 0.00 82.29 -0.86 83.16 -1.71 0.00 0.00 4.90 12.24
11.11 80.00 0.00 0.00 0.00 85.05 0.26 83.15 -1.35 -0.68 21.93 3.07 13.72
11.13 80.00 0.00 0.00 0.00 82.41 -4.40 83.16 -1.82 0.91 -29.36 3.25 7.87
11.14 80.00 0.00 0.00 0.00 82.29 -0.86 83.16 -1.82 0.00 0.00 3.27 7.17
11.16 80.00 0.00 0.00 0.00 85.02 1.45 83.43 -1.59 17.34 14.64 5.05 7.14
11.17 80.00 0.00 0.00 0.00 82.26 0.32 83.42 -1.12 -0.90 29.23 4.99 9.34
11.19 80.00 0.00 0.00 0.00 82.41 -4.40 83.13 -0.99 -17.92 8.07 1.41 11.67
11.21 80.00 0.00 0.00 0.00 85.08 -0.92 83.41 -1.00 16.70 -0.41 3.20 8.08
11.22 80.00 0.00 0.00 0.00 85.08 -0.92 83.41 -1.00 0.00 0.00 1.53 5.11
11.24 80.00 0.00 0.00 0.00 82.26 0.32 83.41 -1.00 0.00 0.00 1.54 4.41
11.25 80.00 0.00 0.00 0.00 85.12 -2.11 83.70 -1.13 17.04 -7.57 3.25 3.65
11.27 80.00 0.00 0.00 0.00 82.29 -0.86 83.42 -1.24 -17.58 -7.13 1.56 0.75
11.29 80.00 0.00 0.00 0.00 87.92 -1.00 83.97 -0.90 34.09 21.07 4.88 5.79
11.30 80.00 0.00 0.00 0.00 85.08 -0.92 84.25 -0.90 17.11 -0.42 6.59 5.75
11.32 80.00 0.00 0.00 0.00 85.02 1.45 84.25 -0.90 0.00 0.00 4.85 4.28
11.34 80.00 0.00 0.00 0.00 82.29 -0.86 84.25 -1.02 0.20 -7.26 4.96 0.64
11.35 80.00 0.00 0.00 0.00 85.02 1.45 84.51 -0.44 15.78 35.33 8.33 3.36
11.37 80.00 0.00 0.00 0.00 82.26 0.32 84.23 -0.31 -17.60 7.78 4.90 4.18
11.38 80.00 0.00 0.00 0.00 82.23 1.50 83.95 -0.07 -17.39 14.80 3.16 5.66
11.40 80.00 0.00 0.00 0.00 82.36 -3.22 83.96 -0.42 0.64 -21.55 3.23 3.51
11.42 80.00 0.00 0.00 0.00 82.26 0.32 83.67 -0.18 -17.70 15.08 -0.25 5.77
11.43 80.00 0.00 0.00 0.00 85.08 -0.92 83.95 -0.19 16.73 -0.41 3.18 6.44
11.45 80.00 0.00 0.00 0.00 82.33 -2.04 83.39 -0.29 -35.52 -6.61 -3.78 3.67
11.47 80.00 0.00 0.00 0.00 85.08 -0.92 83.39 -0.29 0.00 0.00 -5.49 3.72
11.48 80.00 0.00 0.00 0.00 85.08 -0.92 83.40 -0.53 0.39 -14.44 -5.45 2.27
11.50 80.00 0.00 0.00 0.00 87.88 0.20 83.96 -0.42 35.74 6.72 -1.89 3.67
11.51 80.00 0.00 0.00 0.00 82.33 -2.04 83.69 -0.77 -16.09 -20.82 -5.08 -1.94
11.53 80.00 0.00 0.00 0.00 85.08 -0.92 83.97 -0.90 17.62 -7.79 -1.56 -3.50
11.55 80.00 0.00 0.00 0.00 82.33 -2.04 83.98 -1.25 0.59 -21.81 0.24 -7.16
11.56 80.00 0.00 0.00 0.00 82.26 0.32 83.97 -0.90 -0.65 21.91 0.11 -2.82
11.58 80.00 0.00 0.00 0.00 85.05 0.26 84.25 -0.90 16.57 -0.37 3.54 -4.36
11.60 80.00 0.00 0.00 0.00 85.08 -0.92 84.25 -0.90 0.00 0.00 1.86 -4.32
11.61 80.00 0.00 0.00 0.00 85.08 -0.92 84.52 -0.79 16.46 6.65 7.06 -3.00
11.63 80.00 0.00 0.00 0.00 82.33 -2.04 84.25 -0.90 -16.79 -6.78 5.38 -3.67
11.64 80.00 0.00 0.00 0.00 82.41 -4.40 83.98 -1.25 -16.78 -21.82 3.67 -4.41
11.66 80.00 0.00 0.00 0.00 82.36 -3.22 83.43 -1.59 -34.77 -21.52 -3.38 -7.24
11.68 80.00 0.00 0.00 0.00 82.29 -0.86 83.43 -1.47 -0.21 7.26 -1.80 -4.43
11.69 80.00 0.00 0.00 0.00 85.12 -2.11 83.43 -1.59 0.23 -7.30 -3.54 -4.38
11.71 80.00 0.00 0.00 0.00 82.26 0.32 83.42 -1.36 -0.41 14.54 -3.64 -0.74
11.73 80.00 0.00 0.00 0.00 82.33 -2.04 83.43 -1.59 0.41 -14.41 -3.53 -4.38
11.74 80.00 0.00 0.00 0.00 82.33 -2.04 83.16 -1.82 -16.33 -13.79 -6.82 -5.72
11.76 80.00 0.00 0.00 0.00 82.29 -0.86 82.88 -1.81 -17.44 0.43 -8.56 -5.67
11.77 80.00 0.00 0.00 0.00 82.29 -0.86 82.60 -1.81 -17.52 0.43 -11.96 -6.30
11.79 80.00 0.00 0.00 0.00 82.29 -0.86 82.60 -1.69 -0.22 7.28 -10.31 -4.89
11.81 80.00 0.00 0.00 0.00 82.33 -2.04 82.59 -1.45 -0.47 13.99 -8.67 -1.31
11.82 80.00 0.00 0.00 0.00 82.41 -4.40 82.59 -1.57 0.25 -7.25 -5.17 0.12
11.84 80.00 0.00 0.00 0.00 82.26 0.32 82.59 -1.45 -0.20 7.36 -5.17 0.13
11.86 80.00 0.00 0.00 0.00 82.33 -2.04 82.31 -1.45 -17.25 0.46 -6.92 0.90
11.87 80.00 0.00 0.00 0.00 82.26 0.32 82.31 -1.45 0.00 0.00 -6.88 -0.55
11.89 80.00 0.00 0.00 0.00 82.33 -2.04 82.31 -1.45 -0.00 0.00 -6.92 0.89
11.90 80.00 0.00 0.00 0.00 79.58 -1.96 82.04 -1.44 -17.43 0.45 -7.03 2.31
11.92 80.00 0.00 0.00 0.00 82.29 -0.86 82.04 -1.44 0.00 0.00 -5.28 2.27
11.94 80.00 0.00 0.00 0.00 79.58 -1.96 81.77 -1.55 -16.33 -6.68 -5.16 1.56
11.95 80.00 0.00 0.00 0.00 79.58 -1.96 81.49 -1.66 -16.13 -6.60 -6.75 0.17
11.97 80.00 0.00 0.00 0.00 79.58 -1.96 81.22 -1.65 -17.55 0.45 -8.46 -1.18
11.99 80.00 0.00 0.00 0.00 82.33 -2.04 81.21 -1.42 -0.48 14.44 -8.54 0.99
12.00 80.00 0.00 0.00 0.00 82.33 -2.04 81.22 -1.65 0.42 -14.91 -8.47 -1.24
12.02 80.00 0.00 0.00 0.00 79.62 -3.14 80.95 -1.76 -16.13 -6.58 -8.36 -1.94
12.03 80.00 0.00 0.00 0.00 79.70 -5.50 80.69 -2.35 -16.30 -37.04 -9.99 -5.65
12.05 80.00 0.00 0.00 0.00 79.62 -3.14 80.42 -2.46 -16.66 -6.79 -11.66 -6.33
12.07 80.00 0.00 0.00 0.00 79.62 -3.14 80.42 -2.57 0.22 -7.11 -9.89 -7.08
12.08 80.00 0.00 0.00 0.00 79.58 -1.96 80.15 -2.68 -16.47 -6.74 -11.54 -7.76
12.10 80.00 0.00 0.00 0.00 80.95 -2.00 80.29 -2.69 8.49 -0.22 -9.06 -7.11
12.12 80.00 0.00 0.00 0.00 79.66 -4.32 80.30 -2.92 0.46 -14.45 -7.40 -7.90
12.13 80.00 0.00 0.00 0.00 79.58 -1.96 80.30 -2.92 0.00 0.00 -5.64 -7.94
12.15 80.00 0.00 0.00 0.00 79.55 -0.79 80.02 -2.80 -17.10 7.67 -7.31 -8.62
12.16 80.00 0.00 0.00 0.00 82.33 -2.04 80.02 -2.80 0.00 0.00 -7.35 -7.13
12.18 80.00 0.00 0.00 0.00 79.58 -1.96 80.02 -2.68 -0.21 6.93 -5.76 -5.78
12.20 80.00 0.00 0.00 0.00 82.33 -2.04 80.28 -2.33 17.24 22.71 -2.40 0.20
12.21 80.00 0.00 0.00 0.00 79.62 -3.14 80.28 -2.33 -0.00 0.00 -0.74 0.88
12.23 80.00 0.00 0.00 0.00 79.58 -1.96 80.28 -2.22 -0.22 7.26 -0.78 2.32
12.25 80.00 0.00 0.00 0.00 79.58 -1.96 80.28 -2.22 0.00 0.00 0.87 2.99
12.26 80.00 0.00 0.00 0.00 79.55 -0.79 80.14 -2.10 -8.63 7.46 -0.85 3.76
12.28 80.00 0.00 0.00 0.00 82.33 -2.04 80.40 -1.87 16.29 13.93 0.74 6.60
12.29 80.00 0.00 0.00 0.00 82.33 -2.04 80.68 -1.88 16.94 -0.44 2.43 6.55
12.31 80.00 0.00 0.00 0.00 82.33 -2.04 80.95 -2.00 16.59 -7.44 5.80 5.04
12.33 80.00 0.00 0.00 0.00 82.29 -0.86 80.95 -1.88 -0.22 7.34 5.78 5.77
12.34 80.00 0.00 0.00 0.00 82.26 0.32 81.22 -1.65 16.96 14.49 7.50 6.53
12.36 80.00 0.00 0.00 0.00 82.26 0.32 81.21 -1.42 -0.41 14.36 5.73 5.69
12.38 80.00 0.00 0.00 0.00 82.23 1.50 81.47 -0.95 15.74 27.96 7.31 8.49
12.39 80.00 0.00 0.00 0.00 82.26 0.32 81.74 -0.72 16.78 14.34 9.01 9.20
12.41 80.00 0.00 0.00 0.00 82.26 0.32 82.01 -0.50 16.25 13.88 10.63 10.59
12.42 80.00 0.00 0.00 0.00 82.23 1.50 82.28 -0.27 16.86 14.40 13.18 11.28
12.44 80.00 0.00 0.00 0.00 82.29 -0.86 82.27 -0.15 -0.21 7.03 11.53 10.59
12.46 80.00 0.00 0.00 0.00 82.23 1.50 82.26 0.21 -0.60 22.39 9.78 12.87
12.47 80.00 0.00 0.00 0.00 82.29 -0.86 82.26 0.32 -0.21 7.10 8.10 14.33
12.49 80.00 0.00 0.00 0.00 82.29 -0.86 82.26 0.32 0.00 0.00 8.12 13.60
12.51 80.00 0.00 0.00 0.00 82.36 -3.22 82.27 -0.03 0.64 -21.53 6.48 9.99
12.52 80.00 0.00 0.00 0.00 82.26 0.32 82.27 -0.03 0.00 0.00 6.53 8.56
12.54 80.00 0.00 0.00 0.00 82.33 -2.04 82.28 -0.38 0.58 -21.38 5.01 3.62
12.55 80.00 0.00 0.00 0.00 82.41 -4.40 82.30 -0.86 0.92 -29.64 3.42 -0.77
12.57 80.00 0.00 0.00 0.00 82.33 -2.04 82.30 -1.09 0.41 -14.36 1.84 -3.60
12.59 80.00 0.00 0.00 0.00 82.26 0.32 82.31 -1.21 0.17 -7.16 0.17 -5.75
12.60 80.00 0.00 0.00 0.00 82.29 -0.86 82.31 -1.21 0.00 0.00 0.19 -6.46
12.62 80.00 0.00 0.00 0.00 82.41 -4.40 82.32 -1.80 1.11 -37.60 0.36 -12.46
12.64 80.00 0.00 0.00 0.00 85.16 -3.30 82.61 -2.04 17.29 -14.75 2.11 -14.64
12.65 80.00 0.00 0.00 0.00 82.45 -5.59 82.62 -2.52 0.98 -29.41 2.21 -17.58
12.67 80.00 0.00 0.00 0.00 82.45 -5.59 82.63 -2.75 0.52 -14.42 2.20 -16.87
12.68 80.00 0.00 0.00 0.00 82.41 -4.40 82.65 -3.23 0.90 -29.20 2.29 -19.79
12.70 80.00 0.00 0.00 0.00 82.36 -3.22 82.65 -3.35 0.23 -7.19 2.25 -18.37
12.72 80.00 0.00 0.00 0.00 79.79 -7.86 82.39 -3.69 -16.14 -21.38 0.55 -17.55
12.73 80.00 0.00 0.00 0.00 82.36 -3.22 82.39 -3.81 0.24 -7.44 0.53 -16.85
12.75 80.00 0.00 0.00 0.00 82.36 -3.22 82.40 -4.16 0.63 -21.17 0.58 -18.26
12.77 80.00 0.00 0.00 0.00 82.33 -2.04 82.41 -4.28 0.22 -7.35 0.60 -18.99
12.78 80.00 0.00 0.00 0.00 79.62 -3.14 82.13 -4.16 -16.91 7.65 -1.20 -14.47
12.80 80.00 0.00 0.00 0.00 82.26 0.32 81.84 -3.79 -18.16 22.71 -4.75 -10.72
12.81 80.00 0.00 0.00 0.00 82.33 -2.04 81.83 -3.44 -0.76 21.81 -4.92 -5.60
12.83 80.00 0.00 0.00 0.00 82.33 -2.04 81.82 -3.08 -0.76 21.77 -5.05 -1.98
12.85 80.00 0.00 0.00 0.00 82.36 -3.22 81.81 -2.96 -0.26 7.39 -5.17 1.68
12.86 80.00 0.00 0.00 0.00 82.33 -2.04 81.81 -2.85 -0.23 7.19 -5.21 3.12
12.88 80.00 0.00 0.00 0.00 85.25 -5.68 82.35 -2.63 33.88 13.55 -0.21 6.61
12.90 80.00 0.00 0.00 0.00 82.29 -0.86 82.35 -2.39 -0.45 14.46 -0.28 8.80
12.91 80.00 0.00 0.00 0.00 82.36 -3.22 82.35 -2.39 0.00 0.00 -0.34 10.92
12.93 80.00 0.00 0.00 0.00 79.62 -3.14 82.07 -2.50 -17.21 -7.02 -2.08 10.95
12.94 80.00 0.00 0.00 0.00 82.36 -3.22 82.35 -2.51 16.75 -0.47 1.28 10.14
12.96 80.00 0.00 0.00 0.00 79.58 -1.96 82.08 -2.74 -16.53 -14.13 1.44 6.46
12.98 80.00 0.00 0.00 0.00 79.58 -1.96 81.81 -2.73 -16.56 0.43 -0.14 4.32
