#Task Selector: 5
#PID Parameters: kp: 0.02, kd: 0.04, ki: 0.00
#n_pos: 10
#n_vel: 10
t x_ref y_ref vx_ref vy_ref x_raw y_raw x y vx_raw vy_raw vx vy
0.02 0.00 0.00 0.00 0.00 103.04 -3.88 10.30 -0.39 643.98 -24.25 64.40 -2.43
0.03 0.00 0.00 0.00 0.00 102.98 -2.65 20.60 -0.65 607.68 -15.62 125.17 -3.99
0.05 0.00 0.00 0.00 0.00 99.85 -2.55 30.59 -0.91 612.60 -15.62 186.43 -5.55
0.07 0.00 0.00 0.00 0.00 96.79 -2.45 40.27 -1.15 579.51 -14.67 244.38 -7.01
0.08 0.00 0.00 0.00 0.00 96.79 -2.45 49.95 -1.40 593.29 -15.01 303.71 -8.52
0.10 0.00 0.00 0.00 0.00 93.67 1.26 59.31 -1.27 590.35 7.94 362.74 -7.72
0.11 0.00 0.00 0.00 0.00 90.99 -5.88 68.41 -1.86 561.16 -36.28 418.86 -11.35
0.13 0.00 0.00 0.00 0.00 87.95 -2.19 77.21 -2.08 532.47 -13.25 472.10 -12.68
0.15 0.00 0.00 0.00 0.00 82.33 -2.04 85.44 -2.28 519.74 -12.85 524.08 -13.96
0.16 0.00 0.00 0.00 0.00 76.88 -1.90 93.13 -2.47 492.29 -12.14 573.31 -15.17
0.18 0.00 0.00 0.00 0.00 76.82 0.44 90.51 -2.04 -165.70 27.30 492.34 -10.02
0.20 0.00 0.00 0.00 0.00 71.43 8.61 87.35 -0.91 -193.72 69.09 412.20 -1.55
0.21 0.00 0.00 0.00 0.00 71.50 2.85 84.51 -0.37 -157.34 29.95 335.21 3.01
0.23 0.00 0.00 0.00 0.00 68.95 0.59 81.73 -0.07 -175.64 19.19 259.69 6.39
0.24 0.00 0.00 0.00 0.00 68.91 2.89 78.94 0.46 -172.31 33.00 183.13 11.19
0.26 0.00 0.00 0.00 0.00 66.36 2.93 76.21 0.63 -166.97 10.19 107.40 11.42
0.28 0.00 0.00 0.00 0.00 66.35 4.07 73.75 1.63 -147.88 59.73 36.49 21.02
0.29 0.00 0.00 0.00 0.00 61.34 4.13 71.09 2.26 -169.53 40.24 -33.71 26.37
0.31 0.00 0.00 0.00 0.00 61.35 2.99 68.99 2.76 -128.23 30.75 -98.50 30.73
0.33 0.00 0.00 0.00 0.00 58.89 3.03 67.19 3.25 -109.80 30.03 -158.71 34.95
0.34 0.00 0.00 0.00 0.00 54.04 3.08 64.91 3.52 -137.67 15.98 -155.91 33.81
0.36 0.00 0.00 0.00 0.00 51.65 3.11 62.93 2.97 -125.21 -34.80 -149.06 23.42
0.37 0.00 0.00 0.00 0.00 49.26 4.25 60.71 3.11 -136.90 8.62 -147.01 21.29
0.39 0.00 0.00 0.00 0.00 42.28 3.20 58.04 3.37 -164.01 16.05 -145.85 20.98
0.41 0.00 0.00 0.00 0.00 39.97 4.33 55.15 3.51 -173.38 8.61 -145.96 18.54
0.42 0.00 0.00 0.00 0.00 35.42 4.36 52.05 3.65 -193.05 8.93 -148.57 18.41
0.44 0.00 0.00 0.00 0.00 35.43 3.26 48.96 3.57 -191.98 -5.06 -152.97 11.93
0.46 0.00 0.00 0.00 0.00 30.94 2.19 45.92 3.38 -188.39 -12.03 -154.86 6.71
0.47 0.00 0.00 0.00 0.00 26.48 2.22 42.44 3.30 -207.59 -4.63 -162.80 3.17
0.49 0.00 0.00 0.00 0.00 24.27 1.13 38.97 3.11 -211.81 -11.57 -173.00 -0.99
0.50 0.00 0.00 0.00 0.00 22.06 1.15 35.78 2.92 -195.31 -11.82 -178.76 -3.77
0.52 0.00 0.00 0.00 0.00 18.76 2.26 32.49 2.83 -210.16 -5.46 -187.26 -0.84
0.54 0.00 0.00 0.00 0.00 18.76 1.16 29.44 2.52 -184.45 -18.67 -192.01 -3.57
0.55 0.00 0.00 0.00 0.00 15.48 2.27 26.76 2.43 -165.83 -5.77 -192.19 -5.75
0.57 0.00 0.00 0.00 0.00 11.12 1.19 23.87 2.12 -178.33 -19.38 -192.69 -8.55
0.59 0.00 0.00 0.00 0.00 8.94 1.20 21.22 1.80 -163.17 -19.49 -189.70 -11.39
0.60 0.00 0.00 0.00 0.00 6.77 0.11 18.36 1.49 -175.03 -19.22 -188.01 -12.80
0.62 0.00 0.00 0.00 0.00 6.77 0.11 15.94 1.28 -148.23 -12.75 -183.99 -12.88
0.63 0.00 0.00 0.00 0.00 4.60 1.20 13.75 1.18 -129.91 -6.03 -176.22 -13.02
0.65 0.00 0.00 0.00 0.00 4.60 0.11 11.79 1.08 -127.35 -6.62 -167.78 -12.52
0.67 0.00 0.00 0.00 0.00 4.60 0.11 10.04 0.97 -107.71 -6.39 -159.02 -11.98
0.68 0.00 0.00 0.00 0.00 2.43 -0.98 8.41 0.65 -95.80 -18.96 -147.58 -13.33
0.70 0.00 0.00 0.00 0.00 0.26 -0.98 6.56 0.43 -118.69 -13.73 -141.00 -12.83
0.72 0.00 0.00 0.00 0.00 0.26 -0.98 5.03 0.11 -94.38 -20.12 -133.86 -14.27
0.73 0.00 0.00 0.00 0.00 0.26 0.11 3.95 0.00 -67.18 -6.67 -122.74 -13.00
0.75 0.00 0.00 0.00 0.00 -1.92 -2.07 2.86 -0.32 -66.94 -20.13 -113.12 -13.06
0.77 0.00 0.00 0.00 0.00 0.25 -2.07 2.21 -0.54 -38.77 -12.96 -99.49 -12.44
0.78 0.00 0.00 0.00 0.00 -0.83 -2.07 1.45 -0.76 -47.29 -13.55 -89.40 -12.52
0.80 0.00 0.00 0.00 0.00 -0.83 -3.16 0.91 -1.20 -33.20 -26.68 -79.73 -14.58
0.81 0.00 0.00 0.00 0.00 -0.83 -2.07 0.36 -1.41 -33.36 -13.40 -70.33 -15.26
0.83 0.00 0.00 0.00 0.00 0.26 -0.98 -0.07 -1.52 -26.84 -6.73 -62.24 -15.29
0.85 0.00 0.00 0.00 0.00 0.25 -2.07 -0.29 -1.63 -13.49 -6.78 -54.01 -14.08
0.86 0.00 0.00 0.00 0.00 -0.83 -2.07 -0.40 -1.74 -6.61 -6.64 -42.81 -13.37
0.88 0.00 0.00 0.00 0.00 0.25 -2.07 -0.40 -1.85 -0.00 -6.71 -33.37 -12.03
0.90 0.00 0.00 0.00 0.00 0.25 -2.07 -0.40 -2.07 -0.01 -13.22 -26.65 -12.68
0.91 0.00 0.00 0.00 0.00 0.25 -2.07 -0.18 -2.07 13.24 0.01 -18.63 -10.67
0.93 0.00 0.00 0.00 0.00 2.43 -2.07 0.04 -2.07 13.51 0.00 -13.41 -9.37
0.94 0.00 0.00 0.00 0.00 2.43 -2.07 0.36 -2.07 21.02 0.01 -6.58 -8.01
0.96 0.00 0.00 0.00 0.00 2.43 -0.98 0.69 -1.85 19.63 13.16 -1.29 -4.03
0.98 0.00 0.00 0.00 0.00 2.43 1.20 1.02 -1.52 21.26 21.34 4.17 -0.56
0.99 0.00 0.00 0.00 0.00 2.43 -0.98 1.23 -1.52 13.20 0.00 8.17 0.12
1.01 0.00 0.00 0.00 0.00 3.51 -2.07 1.56 -1.52 19.69 0.00 11.49 0.79
1.02 0.00 0.00 0.00 0.00 4.60 -0.98 2.10 -1.41 34.77 6.99 15.63 2.16
1.04 0.00 0.00 0.00 0.00 4.60 -0.98 2.54 -1.31 26.43 6.63 18.27 3.49
1.06 0.00 0.00 0.00 0.00 2.43 -0.98 2.75 -1.20 13.37 6.72 19.61 5.49
1.07 0.00 0.00 0.00 0.00 4.60 -0.98 3.19 -1.09 26.58 6.67 20.95 6.15
1.09 0.00 0.00 0.00 0.00 6.77 -0.98 3.62 -0.98 26.80 6.71 22.27 6.82
1.11 0.00 0.00 0.00 0.00 6.77 -0.98 4.06 -0.87 26.39 6.61 22.81 7.48
1.12 0.00 0.00 0.00 0.00 6.77 -2.07 4.49 -0.98 26.94 -6.79 23.54 5.49
1.14 0.00 0.00 0.00 0.00 6.77 -2.07 4.93 -1.31 26.69 -20.10 24.09 1.34
1.15 0.00 0.00 0.00 0.00 8.95 -0.98 5.58 -1.31 40.81 -0.05 26.85 1.34
1.17 0.00 0.00 0.00 0.00 8.95 -0.98 6.12 -1.20 32.69 6.52 28.15 1.99
1.19 0.00 0.00 0.00 0.00 6.77 -0.98 6.34 -1.20 13.70 -0.02 26.04 1.29
1.20 0.00 0.00 0.00 0.00 8.95 -3.17 6.77 -1.42 26.25 -13.22 26.02 -0.69
1.22 0.00 0.00 0.00 0.00 8.95 -2.08 7.43 -1.53 41.25 -6.95 28.81 -2.06
1.24 0.00 0.00 0.00 0.00 8.95 -0.98 7.86 -1.53 25.25 -0.04 28.68 -2.73
1.25 0.00 0.00 0.00 0.00 8.95 -2.08 8.08 -1.64 13.87 -6.98 27.38 -4.10
1.27 0.00 0.00 0.00 0.00 6.77 -0.98 8.08 -1.64 0.00 0.00 24.74 -4.76
1.28 0.00 0.00 0.00 0.00 8.95 -0.98 8.30 -1.53 12.51 6.26 23.30 -3.46
1.30 0.00 0.00 0.00 0.00 7.86 -0.98 8.40 -1.42 7.48 7.51 21.38 -0.70
1.32 0.00 0.00 0.00 0.00 6.77 -0.98 8.19 -1.42 -12.95 0.02 16.00 -0.69
1.33 0.00 0.00 0.00 0.00 6.77 -2.07 7.97 -1.53 -13.99 -7.00 11.34 -2.04
1.35 0.00 0.00 0.00 0.00 5.69 -0.98 7.86 -1.53 -6.38 0.01 9.33 -2.04
1.37 0.00 0.00 0.00 0.00 6.77 -2.07 7.64 -1.42 -13.74 6.92 5.33 -0.02
1.38 0.00 0.00 0.00 0.00 6.77 -2.07 7.43 -1.42 -13.74 0.03 -0.17 0.67
1.40 0.00 0.00 0.00 0.00 6.77 -0.98 7.21 -1.42 -13.09 0.03 -4.00 0.68
1.41 0.00 0.00 0.00 0.00 4.60 -3.16 6.77 -1.53 -26.76 -6.68 -8.07 0.71
1.43 0.00 0.00 0.00 0.00 4.60 -3.16 6.56 -1.74 -13.54 -13.60 -9.42 -0.65
1.45 0.00 0.00 0.00 0.00 4.60 -2.07 6.12 -1.85 -26.57 -6.63 -13.33 -1.94
1.46 0.00 0.00 0.00 0.00 2.43 -2.07 5.58 -1.96 -32.68 -6.53 -17.34 -3.34
1.48 0.00 0.00 0.00 0.00 4.60 -3.16 5.36 -2.18 -13.27 -13.33 -17.38 -4.68
1.50 0.00 0.00 0.00 0.00 2.43 -2.07 4.93 -2.18 -27.01 0.02 -18.68 -3.98
1.51 0.00 0.00 0.00 0.00 2.43 -5.35 4.60 -2.62 -19.82 -26.59 -20.02 -6.64
1.53 0.00 0.00 0.00 0.00 2.43 -2.07 4.17 -2.62 -27.11 0.02 -21.36 -7.33
1.54 0.00 0.00 0.00 0.00 2.43 -2.07 3.73 -2.62 -26.48 0.02 -22.63 -7.33
1.56 0.00 0.00 0.00 0.00 0.25 -5.35 3.08 -3.05 -41.56 -27.85 -25.48 -10.11
1.58 0.00 0.00 0.00 0.00 2.43 -3.16 2.86 -3.05 -13.35 0.01 -24.14 -9.45
1.59 0.00 0.00 0.00 0.00 -0.83 -4.26 2.32 -3.16 -32.72 -6.59 -26.06 -8.74
1.61 0.00 0.00 0.00 0.00 0.25 -4.25 1.88 -3.38 -25.33 -12.73 -25.93 -9.35
1.63 0.00 0.00 0.00 0.00 -0.83 -4.26 1.56 -3.60 -21.13 -14.17 -24.78 -10.12
1.64 0.00 0.00 0.00 0.00 1.34 -3.16 1.23 -3.60 -19.89 0.01 -25.44 -8.78
1.66 0.00 0.00 0.00 0.00 1.34 -4.25 1.12 -3.82 -6.92 -13.92 -23.43 -10.18
1.67 0.00 0.00 0.00 0.00 -1.92 -5.35 0.69 -3.82 -25.85 -0.02 -24.04 -7.52
1.69 0.00 0.00 0.00 0.00 -1.93 -6.45 0.25 -4.26 -26.88 -27.06 -24.01 -10.23
1.71 0.00 0.00 0.00 0.00 -1.92 -4.26 -0.18 -4.48 -26.93 -13.56 -24.06 -11.59
1.72 0.00 0.00 0.00 0.00 -1.92 -5.35 -0.40 -4.48 -13.42 -0.02 -21.24 -8.80
1.74 0.00 0.00 0.00 0.00 -4.10 -6.45 -1.05 -4.80 -40.94 -20.65 -24.00 -10.87
1.76 0.00 0.00 0.00 0.00 -4.10 -5.36 -1.38 -4.92 -19.70 -6.64 -22.70 -10.88
1.77 0.00 0.00 0.00 0.00 -3.01 -6.45 -1.71 -5.13 -20.24 -13.60 -22.19 -10.96
1.79 0.00 0.00 0.00 0.00 -5.19 -4.26 -2.14 -5.14 -25.83 -0.05 -22.66 -9.55
1.80 0.00 0.00 0.00 0.00 -4.10 -6.45 -2.69 -5.47 -34.19 -20.68 -24.09 -11.62
1.82 0.00 0.00 0.00 0.00 -6.28 -5.36 -3.45 -5.58 -47.25 -6.88 -28.12 -10.92
1.84 0.00 0.00 0.00 0.00 -4.10 -5.36 -3.67 -5.58 -13.38 -0.03 -26.88 -10.92
1.85 0.00 0.00 0.00 0.00 -5.19 -5.36 -3.99 -5.47 -20.53 6.85 -26.24 -7.53
1.87 0.00 0.00 0.00 0.00 -5.19 -5.36 -4.32 -5.58 -19.39 -6.55 -25.49 -6.83
1.89 0.00 0.00 0.00 0.00 -5.19 -6.46 -4.65 -5.69 -20.65 -6.98 -26.21 -7.52
1.90 0.00 0.00 0.00 0.00 -6.28 -4.27 -4.86 -5.47 -13.27 13.35 -23.44 -4.12
1.92 0.00 0.00 0.00 0.00 -6.29 -8.66 -5.08 -5.80 -12.74 -19.20 -22.75 -5.38
1.94 0.00 0.00 0.00 0.00 -6.28 -5.36 -5.41 -5.69 -21.05 7.01 -22.83 -3.32
1.95 0.00 0.00 0.00 0.00 -6.28 -4.27 -5.52 -5.69 -6.43 -0.02 -20.89 -3.31
1.97 0.00 0.00 0.00 0.00 -6.28 -5.36 -5.74 -5.58 -15.37 7.70 -19.01 -0.47
1.98 0.00 0.00 0.00 0.00 -6.28 -5.36 -5.74 -5.58 0.00 0.00 -14.28 0.21
2.00 0.00 0.00 0.00 0.00 -6.28 -6.46 -5.95 -5.69 -13.28 -6.72 -14.27 -0.46
2.02 0.00 0.00 0.00 0.00 -6.28 -5.36 -6.06 -5.69 -6.69 -0.02 -12.89 -1.14
2.03 0.00 0.00 0.00 0.00 -6.28 -5.36 -6.17 -5.69 -6.73 -0.02 -11.62 -0.49
2.05 0.00 0.00 0.00 0.00 -6.28 -5.36 -6.28 -5.58 -6.61 6.65 -10.22 0.87
2.06 0.00 0.00 0.00 0.00 -6.28 -4.27 -6.28 -5.58 0.00 -0.00 -8.89 -0.46
2.08 0.00 0.00 0.00 0.00 -6.28 -5.36 -6.28 -5.25 0.08 20.60 -7.61 3.52
2.10 0.00 0.00 0.00 0.00 -6.28 -5.36 -6.28 -5.25 0.00 0.00 -5.50 2.82
2.11 0.00 0.00 0.00 0.00 -5.19 -5.36 -6.17 -5.36 6.61 -6.65 -4.20 2.15
2.13 0.00 0.00 0.00 0.00 -6.29 -8.66 -6.17 -5.69 -0.08 -20.72 -2.67 -0.69
2.14 0.00 0.00 0.00 0.00 -6.28 -5.36 -6.17 -5.69 -0.00 0.00 -2.67 -0.69
2.16 0.00 0.00 0.00 0.00 -5.19 -6.46 -6.06 -5.69 6.84 0.02 -0.66 -0.01
2.18 0.00 0.00 0.00 0.00 -6.28 -5.36 -6.06 -5.69 0.00 0.00 0.01 -0.01
2.19 0.00 0.00 0.00 0.00 -6.29 -7.56 -6.06 -5.91 -0.05 -13.22 0.68 -1.33
2.21 0.00 0.00 0.00 0.00 -6.28 -6.46 -6.07 -6.02 -0.02 -6.70 1.34 -2.67
2.23 0.00 0.00 0.00 0.00 -6.28 -5.36 -6.07 -6.13 -0.02 -6.75 1.34 -3.34
2.24 0.00 0.00 0.00 0.00 -6.28 -6.46 -6.07 -6.24 -0.02 -6.60 1.32 -6.06
2.26 0.00 0.00 0.00 0.00 -6.28 -6.46 -6.07 -6.35 -0.03 -6.98 1.32 -6.76
2.28 0.00 0.00 0.00 0.00 -6.28 -6.46 -6.18 -6.46 -6.74 -6.78 -0.01 -6.77
2.29 0.00 0.00 0.00 0.00 -6.30 -9.77 -6.18 -6.57 -0.03 -6.76 -0.01 -5.38
2.31 0.00 0.00 0.00 0.00 -6.28 -6.46 -6.18 -6.68 -0.03 -6.85 -0.01 -6.06
2.32 0.00 0.00 0.00 0.00 -6.29 -7.56 -6.29 -6.79 -6.52 -6.57 -1.35 -6.72
2.34 0.00 0.00 0.00 0.00 -5.19 -6.46 -6.18 -6.90 6.94 -6.99 -0.65 -7.42
2.36 0.00 0.00 0.00 0.00 -4.11 -8.65 -5.96 -7.01 13.21 -6.63 0.67 -6.76
2.37 0.00 0.00 0.00 0.00 -6.29 -7.56 -5.96 -7.12 -0.03 -6.77 0.67 -6.77
2.39 0.00 0.00 0.00 0.00 -6.28 -6.46 -5.96 -7.23 -0.03 -6.84 0.67 -6.78
2.41 0.00 0.00 0.00 0.00 -6.28 -6.46 -5.96 -7.23 0.00 0.00 0.68 -6.12
2.42 0.00 0.00 0.00 0.00 -6.28 -6.46 -5.96 -7.23 0.00 0.00 0.68 -5.42
2.44 0.00 0.00 0.00 0.00 -6.29 -7.56 -5.96 -7.34 -0.03 -6.89 1.35 -5.43
2.45 0.00 0.00 0.00 0.00 -6.30 -9.77 -5.96 -7.34 0.00 0.00 1.35 -4.75
2.47 0.00 0.00 0.00 0.00 -6.28 -6.46 -5.96 -7.34 0.00 0.00 1.35 -4.07
2.49 0.00 0.00 0.00 0.00 -6.29 -7.56 -5.96 -7.34 -0.00 0.00 2.01 -3.41
2.50 0.00 0.00 0.00 0.00 -6.28 -6.46 -6.07 -7.34 -6.77 -0.02 0.64 -2.72
2.52 0.00 0.00 0.00 0.00 -6.28 -6.46 -6.29 -7.12 -13.48 13.59 -2.03 -0.69
2.54 0.00 0.00 0.00 0.00 -6.28 -6.46 -6.29 -7.01 0.03 6.65 -2.03 0.65
2.55 0.00 0.00 0.00 0.00 -6.28 -6.46 -6.29 -7.01 0.00 0.00 -2.03 1.33
2.57 0.00 0.00 0.00 0.00 -6.28 -6.46 -6.29 -7.01 0.00 0.00 -2.03 1.33
2.58 0.00 0.00 0.00 0.00 -6.29 -7.56 -6.29 -7.12 -0.03 -6.67 -2.03 0.67
2.60 0.00 0.00 0.00 0.00 -6.29 -7.56 -6.29 -7.12 0.00 0.00 -2.03 1.36
2.62 0.00 0.00 0.00 0.00 -6.30 -9.77 -6.29 -7.12 0.00 0.00 -2.03 1.36
2.63 0.00 0.00 0.00 0.00 -6.29 -7.56 -6.29 -7.23 -0.03 -6.58 -2.03 0.70
2.65 0.00 0.00 0.00 0.00 -6.28 -6.46 -6.29 -7.12 0.03 6.94 -2.02 1.39
2.67 0.00 0.00 0.00 0.00 -6.28 -6.46 -6.29 -7.12 0.00 0.00 -1.35 1.39
2.68 0.00 0.00 0.00 0.00 -6.28 -6.46 -6.29 -7.12 0.00 0.00 0.00 0.04
2.70 0.00 0.00 0.00 0.00 -6.29 -7.56 -6.29 -7.23 -0.03 -6.68 -0.01 -1.30
2.71 0.00 0.00 0.00 0.00 -6.30 -9.77 -6.29 -7.56 -0.08 -20.26 -0.01 -3.32
2.73 0.00 0.00 0.00 0.00 -6.28 -6.46 -6.29 -7.56 0.00 0.00 -0.01 -3.32
2.75 0.00 0.00 0.00 0.00 -6.30 -9.77 -6.29 -7.78 -0.06 -13.68 -0.02 -4.03
2.76 0.00 0.00 0.00 0.00 -6.28 -6.46 -6.29 -7.67 0.03 6.71 -0.01 -3.35
2.78 0.00 0.00 0.00 0.00 -6.29 -8.66 -6.29 -7.56 0.03 6.79 -0.01 -2.67
2.80 0.00 0.00 0.00 0.00 -6.28 -6.46 -6.29 -7.45 0.03 6.85 -0.01 -1.33
2.81 0.00 0.00 0.00 0.00 -6.29 -7.56 -6.29 -7.56 -0.03 -6.82 -0.01 -2.71
2.83 0.00 0.00 0.00 0.00 -6.29 -7.56 -6.29 -7.67 -0.03 -6.78 -0.01 -3.39
2.84 0.00 0.00 0.00 0.00 -6.30 -9.77 -6.29 -8.00 -0.08 -19.84 -0.02 -5.37
2.86 0.00 0.00 0.00 0.00 -6.28 -6.46 -6.29 -7.89 0.03 6.69 -0.02 -4.03
2.88 0.00 0.00 0.00 0.00 -6.29 -7.56 -6.29 -7.67 0.06 13.04 -0.00 -0.70
2.89 0.00 0.00 0.00 0.00 -6.29 -7.56 -6.29 -7.78 -0.03 -7.20 -0.01 -1.42
2.91 0.00 0.00 0.00 0.00 -6.29 -7.56 -6.29 -7.56 0.06 13.64 0.01 1.31
2.93 0.00 0.00 0.00 0.00 -6.29 -7.56 -6.29 -7.67 -0.03 -6.54 0.00 -0.01
2.94 0.00 0.00 0.00 0.00 -6.29 -7.56 -6.29 -7.56 0.03 6.81 0.00 -0.01
2.96 0.00 0.00 0.00 0.00 -6.28 -6.46 -6.29 -7.56 0.00 0.00 -0.00 -0.70
2.97 0.00 0.00 0.00 0.00 -6.28 -6.46 -6.29 -7.45 0.03 6.62 0.00 0.65
2.99 0.00 0.00 0.00 0.00 -6.28 -6.46 -6.29 -7.34 0.03 6.71 0.01 1.99
3.01 0.00 0.00 0.00 0.00 -6.29 -7.56 -6.29 -7.12 0.06 13.86 0.02 5.36
3.02 0.00 0.00 0.00 0.00 -6.30 -9.77 -6.29 -7.45 -0.08 -20.29 0.01 2.67
3.04 0.00 0.00 0.00 0.00 -6.28 -6.46 -6.29 -7.34 0.03 6.70 0.01 2.03
3.05 0.00 0.00 0.00 0.00 -6.28 -5.36 -6.29 -7.12 0.05 13.62 0.02 4.11
3.07 0.00 0.00 0.00 0.00 -6.28 -6.46 -6.29 -7.01 0.03 6.60 0.01 3.41
3.09 0.00 0.00 0.00 0.00 -6.28 -5.36 -6.29 -6.79 0.05 13.90 0.02 5.45
3.10 0.00 0.00 0.00 0.00 -7.38 -6.47 -6.39 -6.68 -6.58 6.62 -0.64 5.43
3.12 0.00 0.00 0.00 0.00 -6.29 -7.56 -6.40 -6.79 -0.03 -6.96 -0.64 4.74
3.14 0.00 0.00 0.00 0.00 -6.30 -9.77 -6.40 -7.12 -0.08 -19.47 -0.65 2.13
3.15 0.00 0.00 0.00 0.00 -6.30 -9.77 -6.40 -7.45 -0.09 -20.77 -0.66 -0.62
3.17 0.00 0.00 0.00 0.00 -6.30 -9.77 -6.40 -7.67 -0.06 -13.36 -0.68 -3.34
3.18 0.00 0.00 0.00 0.00 -6.28 -6.46 -6.40 -7.34 0.09 20.56 -0.66 0.74
3.20 0.00 0.00 0.00 0.00 -6.29 -7.56 -6.40 -7.45 -0.03 -6.88 -0.66 -0.61
3.22 0.00 0.00 0.00 0.00 -7.39 -8.67 -6.51 -7.78 -6.83 -20.41 -1.35 -4.02
3.23 0.00 0.00 0.00 0.00 -6.30 -10.87 -6.51 -8.23 -0.11 -26.79 -1.37 -7.36
3.25 0.00 0.00 0.00 0.00 -6.28 -6.46 -6.51 -8.33 -0.03 -6.76 -1.37 -9.42
3.27 0.00 0.00 0.00 0.00 -6.28 -6.46 -6.40 -8.33 6.72 0.03 -0.04 -10.08
3.28 0.00 0.00 0.00 0.00 -6.29 -7.56 -6.40 -8.33 0.00 0.00 -0.04 -9.39
3.30 0.00 0.00 0.00 0.00 -6.29 -8.66 -6.40 -8.22 0.03 6.73 -0.03 -6.77
3.31 0.00 0.00 0.00 0.00 -6.29 -7.56 -6.40 -8.00 0.06 13.43 -0.02 -3.35
3.33 0.00 0.00 0.00 0.00 -6.29 -7.56 -6.40 -7.78 0.06 13.84 -0.00 -0.63
3.35 0.00 0.00 0.00 0.00 -6.29 -7.56 -6.40 -7.89 -0.03 -6.57 -0.02 -3.34
3.36 0.00 0.00 0.00 0.00 -6.28 -6.46 -6.40 -7.78 0.03 6.75 -0.01 -1.98
3.38 0.00 0.00 0.00 0.00 -6.29 -7.56 -6.29 -7.67 6.98 7.04 1.37 0.77
3.40 0.00 0.00 0.00 0.00 -6.29 -7.56 -6.29 -7.34 0.09 20.32 1.39 5.48
3.41 0.00 0.00 0.00 0.00 -6.28 -6.46 -6.29 -7.34 0.00 0.00 1.39 6.16
3.43 0.00 0.00 0.00 0.00 -6.28 -6.46 -6.29 -7.34 0.00 0.00 0.72 6.15
3.44 0.00 0.00 0.00 0.00 -6.30 -9.77 -6.29 -7.56 -0.06 -13.76 0.72 4.78
3.46 0.00 0.00 0.00 0.00 -6.28 -6.46 -6.29 -7.34 0.05 13.50 0.72 5.45
3.48 0.00 0.00 0.00 0.00 -6.28 -6.46 -6.29 -7.23 0.03 7.08 0.72 4.82
3.49 0.00 0.00 0.00 0.00 -6.28 -5.36 -6.29 -7.01 0.05 13.16 0.71 4.75
3.51 0.00 0.00 0.00 0.00 -6.29 -7.56 -6.29 -7.01 0.00 0.00 0.72 5.41
3.53 0.00 0.00 0.00 0.00 -6.29 -7.56 -6.29 -7.12 -0.03 -6.94 0.71 4.04
3.54 0.00 0.00 0.00 0.00 -6.28 -6.46 -6.29 -7.01 0.03 6.87 0.02 4.02
3.56 0.00 0.00 0.00 0.00 -6.30 -9.77 -6.29 -7.23 -0.06 -13.04 0.00 0.69
3.57 0.00 0.00 0.00 0.00 -6.30 -9.77 -6.29 -7.56 -0.09 -20.95 -0.01 -1.41
3.59 0.00 0.00 0.00 0.00 -7.38 -6.47 -6.40 -7.56 -6.67 -0.03 -0.67 -1.41
3.61 0.00 0.00 0.00 0.00 -6.29 -7.56 -6.40 -7.34 0.06 13.49 -0.66 1.31
3.62 0.00 0.00 0.00 0.00 -6.29 -7.56 -6.40 -7.45 -0.03 -6.78 -0.67 -0.71
3.64 0.00 0.00 0.00 0.00 -6.29 -7.56 -6.40 -7.56 -0.03 -6.72 -0.68 -2.09
3.66 0.00 0.00 0.00 0.00 -6.28 -6.46 -6.40 -7.67 -0.03 -6.88 -0.68 -4.10
3.67 0.00 0.00 0.00 0.00 -6.28 -6.46 -6.40 -7.56 0.03 6.83 -0.68 -3.42
3.69 0.00 0.00 0.00 0.00 -6.30 -9.77 -6.40 -7.78 -0.06 -13.20 -0.68 -4.04
3.70 0.00 0.00 0.00 0.00 -6.28 -6.46 -6.40 -7.78 0.00 0.00 -0.69 -4.73
3.72 0.00 0.00 0.00 0.00 -6.29 -8.66 -6.40 -7.67 0.03 6.81 -0.68 -2.74
3.74 0.00 0.00 0.00 0.00 -6.28 -6.46 -6.40 -7.34 0.09 20.53 -0.66 1.40
3.75 0.00 0.00 0.00 0.00 -6.29 -7.56 -6.29 -7.45 6.55 -6.59 0.66 0.75
3.77 0.00 0.00 0.00 0.00 -6.28 -6.46 -6.29 -7.34 0.03 6.86 0.66 0.08
3.79 0.00 0.00 0.00 0.00 -6.29 -7.56 -6.29 -7.34 0.00 0.00 0.66 0.76
3.80 0.00 0.00 0.00 0.00 -6.29 -8.66 -6.29 -7.45 -0.03 -7.03 0.66 0.73
3.82 0.00 0.00 0.00 0.00 -6.29 -7.56 -6.29 -7.56 -0.03 -6.79 0.66 0.74
3.83 0.00 0.00 0.00 0.00 -6.29 -7.56 -6.29 -7.67 -0.03 -6.65 0.66 -0.61
3.85 0.00 0.00 0.00 0.00 -5.21 -9.76 -6.18 -7.67 6.84 0.03 1.34 0.72
3.87 0.00 0.00 0.00 0.00 -6.30 -9.77 -6.18 -8.00 -0.08 -19.64 1.34 -1.25
3.88 0.00 0.00 0.00 0.00 -6.30 -9.77 -6.18 -8.11 -0.03 -6.99 1.33 -2.63
3.90 0.00 0.00 0.00 0.00 -6.30 -9.77 -6.18 -8.44 -0.08 -19.73 1.31 -6.65
3.92 0.00 0.00 0.00 0.00 -6.28 -6.46 -6.18 -8.33 0.03 6.94 0.66 -5.30
3.93 0.00 0.00 0.00 0.00 -6.29 -8.66 -6.18 -8.55 -0.05 -13.49 0.65 -7.33
3.95 0.00 0.00 0.00 0.00 -6.30 -9.77 -6.19 -8.77 -0.06 -13.62 0.65 -8.70
3.96 0.00 0.00 0.00 0.00 -6.29 -7.56 -6.18 -8.66 0.03 6.94 0.65 -7.30
3.98 0.00 0.00 0.00 0.00 -6.29 -8.66 -6.19 -8.77 -0.03 -6.79 0.65 -7.30
4.00 0.00 0.00 0.00 0.00 -6.29 -7.56 -6.19 -8.77 0.00 0.00 0.66 -6.63
4.01 0.00 0.00 0.00 0.00 -6.29 -8.66 -6.29 -8.66 -6.73 6.80 -0.70 -5.96
4.03 0.00 0.00 0.00 0.00 -6.29 -7.56 -6.29 -8.44 0.06 13.32 -0.69 -2.66
4.05 0.00 0.00 0.00 0.00 -6.27 -3.17 -6.29 -7.78 0.14 36.85 -0.67 1.72
4.06 0.00 0.00 0.00 0.00 -6.29 -7.56 -6.29 -7.56 0.06 14.98 -0.66 5.19
4.08 0.00 0.00 0.00 0.00 -6.30 -9.77 -6.29 -7.89 -0.08 -20.29 -0.67 2.47
4.09 0.00 0.00 0.00 0.00 -6.29 -7.56 -6.29 -7.78 0.03 6.75 -0.66 4.49
4.11 0.00 0.00 0.00 0.00 -6.29 -8.66 -6.29 -7.67 0.03 6.89 -0.65 6.54
4.13 0.00 0.00 0.00 0.00 -6.30 -9.77 -6.29 -7.89 -0.06 -13.25 -0.66 4.52
4.14 0.00 0.00 0.00 0.00 -6.28 -6.46 -6.29 -7.67 0.06 13.61 -0.65 6.56
4.16 0.00 0.00 0.00 0.00 -6.28 -6.46 -6.29 -7.56 0.03 6.70 -0.65 7.24
4.18 0.00 0.00 0.00 0.00 -6.28 -6.46 -6.29 -7.34 0.06 13.75 0.03 7.93
4.19 0.00 0.00 0.00 0.00 -6.28 -6.46 -6.29 -7.23 0.03 6.68 0.03 7.27
4.21 0.00 0.00 0.00 0.00 -6.29 -7.56 -6.29 -7.67 -0.10 -27.62 0.00 0.82
4.22 0.00 0.00 0.00 0.00 -6.28 -6.46 -6.29 -7.56 0.03 6.67 0.00 -0.01
4.24 0.00 0.00 0.00 0.00 -6.28 -6.46 -6.29 -7.23 0.09 20.92 0.02 4.11
4.26 0.00 0.00 0.00 0.00 -6.28 -5.36 -6.29 -7.01 0.05 13.61 0.02 4.80
4.27 0.00 0.00 0.00 0.00 -6.28 -5.36 -6.29 -6.68 0.08 19.30 0.02 6.04
4.29 0.00 0.00 0.00 0.00 -6.30 -9.77 -6.29 -6.68 0.00 0.00 0.03 7.36
4.31 0.00 0.00 0.00 0.00 -5.20 -8.66 -6.18 -6.90 6.58 -13.33 0.68 4.67
4.32 0.00 0.00 0.00 0.00 -6.28 -6.46 -6.18 -6.90 0.00 0.00 0.68 4.00
4.34 0.00 0.00 0.00 0.00 -6.28 -6.46 -6.18 -6.90 0.00 0.00 0.67 2.62
4.35 0.00 0.00 0.00 0.00 -6.29 -8.66 -6.18 -7.12 -0.06 -13.81 0.67 0.57
4.37 0.00 0.00 0.00 0.00 -6.29 -7.56 -6.18 -7.12 0.00 0.00 0.68 3.34
4.39 0.00 0.00 0.00 0.00 -6.28 -6.46 -6.18 -7.12 0.00 -0.00 0.67 2.67
4.40 0.00 0.00 0.00 0.00 -6.28 -6.46 -6.18 -7.12 0.00 0.00 0.66 0.58
4.42 0.00 0.00 0.00 0.00 -6.28 -6.46 -6.18 -7.23 -0.02 -6.68 0.66 -1.45
4.44 0.00 0.00 0.00 0.00 -6.28 -5.36 -6.18 -7.23 0.00 0.00 0.65 -3.38
4.45 0.00 0.00 0.00 0.00 -6.28 -5.36 -6.18 -6.79 0.11 27.39 0.66 -0.64
4.47 0.00 0.00 0.00 0.00 -6.28 -5.36 -6.28 -6.46 -6.68 20.40 -0.67 2.73
4.48 0.00 0.00 0.00 0.00 -6.28 -6.46 -6.28 -6.46 0.00 0.00 -0.67 2.73
4.50 0.00 0.00 0.00 0.00 -6.28 -6.46 -6.28 -6.46 0.00 0.00 -0.67 2.73
4.52 0.00 0.00 0.00 0.00 -6.28 -5.36 -6.28 -6.13 0.08 19.33 -0.65 6.04
4.53 0.00 0.00 0.00 0.00 -6.28 -6.46 -6.28 -6.02 0.03 7.19 -0.65 6.76
4.55 0.00 0.00 0.00 0.00 -6.28 -6.46 -6.28 -6.02 0.00 0.00 -0.65 6.76
4.57 0.00 0.00 0.00 0.00 -6.28 -5.36 -6.28 -5.91 0.02 6.72 -0.65 7.44
4.58 0.00 0.00 0.00 0.00 -6.28 -5.36 -6.28 -5.80 0.03 6.97 -0.64 8.80
4.60 0.00 0.00 0.00 0.00 -6.28 -5.36 -6.28 -5.80 0.00 0.00 -0.64 8.80
4.61 0.00 0.00 0.00 0.00 -6.28 -5.36 -6.28 -5.80 0.00 0.00 -0.65 6.06
4.63 0.00 0.00 0.00 0.00 -6.29 -8.66 -6.28 -6.13 -0.08 -20.68 0.01 1.95
4.65 0.00 0.00 0.00 0.00 -6.28 -5.36 -6.28 -6.02 0.03 6.87 0.01 2.64
4.66 0.00 0.00 0.00 0.00 -6.28 -5.36 -6.28 -5.91 0.02 6.73 0.01 3.31
4.68 0.00 0.00 0.00 0.00 -6.29 -7.56 -6.28 -6.13 -0.05 -13.69 -0.00 0.01
4.70 0.00 0.00 0.00 0.00 -6.28 -6.46 -6.28 -6.13 -0.00 -0.00 -0.00 -0.71
4.71 0.00 0.00 0.00 0.00 -6.28 -6.46 -6.28 -6.13 -0.00 0.00 -0.00 -0.71
4.73 0.00 0.00 0.00 0.00 -6.28 -6.46 -6.28 -6.24 -0.02 -6.70 -0.01 -2.05
4.75 0.00 0.00 0.00 0.00 -6.28 -5.36 -6.28 -6.24 0.00 0.00 -0.01 -2.75
4.76 0.00 0.00 0.00 0.00 -6.28 -5.36 -6.28 -6.24 0.00 0.00 -0.01 -2.75
4.78 0.00 0.00 0.00 0.00 -6.30 -9.77 -6.29 -6.68 -0.12 -30.16 -0.02 -5.76
4.79 0.00 0.00 0.00 0.00 -6.28 -6.46 -6.28 -6.46 0.06 13.67 -0.01 -2.33
4.81 0.00 0.00 0.00 0.00 -6.28 -6.46 -6.29 -6.57 -0.02 -6.48 -0.01 -3.66
4.83 0.00 0.00 0.00 0.00 -6.29 -7.56 -6.29 -6.79 -0.05 -14.05 -0.02 -5.74
4.84 0.00 0.00 0.00 0.00 -6.30 -9.77 -6.29 -7.01 -0.06 -13.35 -0.02 -5.71
4.86 0.00 0.00 0.00 0.00 -6.29 -7.56 -6.29 -7.12 -0.03 -6.77 -0.03 -6.38
4.87 0.00 0.00 0.00 0.00 -6.28 -5.36 -6.29 -7.01 0.02 6.69 -0.02 -5.72
4.89 0.00 0.00 0.00 0.00 -6.28 -5.36 -6.29 -6.90 0.03 6.83 -0.02 -4.36
4.91 0.00 0.00 0.00 0.00 -6.29 -8.66 -6.29 -7.23 -0.08 -20.37 -0.03 -6.40
4.92 0.00 0.00 0.00 0.00 -6.30 -9.77 -6.29 -7.67 -0.11 -27.10 -0.04 -9.11
4.94 0.00 0.00 0.00 0.00 -6.28 -5.36 -6.29 -7.23 0.11 27.31 -0.01 -3.36
4.96 0.00 0.00 0.00 0.00 -6.28 -5.36 -6.29 -7.12 0.02 6.63 -0.02 -4.07
4.97 0.00 0.00 0.00 0.00 -6.28 -4.27 -6.29 -6.90 0.05 13.69 -0.01 -2.05
4.99 0.00 0.00 0.00 0.00 -6.28 -5.36 -6.29 -6.68 0.05 14.27 0.00 0.78
5.00 0.00 0.00 0.00 0.00 -6.28 -6.46 -6.28 -6.35 0.08 20.35 0.02 4.15
5.02 80.00 0.00 0.00 0.00 -6.28 -5.36 -6.28 -6.13 0.05 13.49 0.02 6.18
5.04 80.00 0.00 0.00 0.00 -6.29 -8.66 -6.29 -6.46 -0.08 -19.91 0.01 3.52
5.05 80.00 0.00 0.00 0.00 -6.28 -5.36 -6.29 -6.46 0.00 0.00 0.01 2.84
5.07 80.00 0.00 0.00 0.00 -6.28 -6.46 -6.28 -6.24 0.06 14.05 0.02 6.28
5.08 80.00 0.00 0.00 0.00 -6.29 -8.66 -6.28 -6.13 0.03 6.74 0.04 9.66
5.10 80.00 0.00 0.00 0.00 -6.28 -4.27 -6.28 -6.02 0.02 6.58 0.03 7.59
5.12 80.00 0.00 0.00 0.00 -6.28 -5.36 -6.28 -6.02 -0.00 0.00 0.03 6.93
5.13 80.00 0.00 0.00 0.00 -6.28 -5.36 -6.28 -6.13 -0.02 -6.66 0.02 4.89
5.15 80.00 0.00 0.00 0.00 -6.28 -5.36 -6.28 -6.13 0.00 0.00 0.01 3.46
5.17 80.00 0.00 0.00 0.00 -5.19 -6.46 -6.17 -6.13 6.56 0.02 0.66 1.43
5.18 80.00 0.00 0.00 0.00 -6.28 -4.27 -6.17 -6.02 0.02 6.67 0.66 0.75
5.20 80.00 0.00 0.00 0.00 -4.10 -6.45 -5.96 -5.80 13.75 13.86 2.04 4.13
5.21 80.00 0.00 0.00 0.00 -4.10 -6.45 -5.74 -5.91 13.63 -6.83 3.40 3.44
5.23 80.00 0.00 0.00 0.00 -4.10 -5.36 -5.52 -5.80 13.47 6.81 4.75 2.72
5.25 80.00 0.00 0.00 0.00 -4.10 -4.26 -5.30 -5.36 12.91 25.89 6.03 4.64
5.26 80.00 0.00 0.00 0.00 -1.92 -5.35 -4.86 -5.47 27.10 -6.75 8.74 3.30
5.28 80.00 0.00 0.00 0.00 -1.93 -8.65 -4.43 -5.80 28.17 -21.27 11.56 1.18
5.30 80.00 0.00 0.00 0.00 -1.92 -5.35 -3.99 -5.80 25.79 0.07 14.14 1.85
5.31 80.00 0.00 0.00 0.00 -1.93 -6.45 -3.56 -5.91 26.72 -6.66 16.81 1.18
5.33 80.00 0.00 0.00 0.00 1.34 -4.25 -2.90 -5.69 41.65 14.05 20.32 2.58
5.34 80.00 0.00 0.00 0.00 -0.84 -5.35 -2.36 -5.79 33.30 -6.63 23.65 1.25
5.36 80.00 0.00 0.00 0.00 -1.93 -7.55 -2.14 -5.90 13.42 -6.74 23.62 -0.81
5.38 80.00 0.00 0.00 0.00 2.43 -6.45 -1.49 -5.90 39.14 0.05 26.17 -0.12
5.39 80.00 0.00 0.00 0.00 2.43 -4.25 -0.84 -5.79 40.15 6.79 28.84 -0.12
5.41 80.00 0.00 0.00 0.00 2.43 -3.16 -0.18 -5.68 40.75 6.88 31.62 -2.02
5.43 80.00 0.00 0.00 0.00 3.52 -5.35 0.36 -5.68 33.24 0.02 32.23 -1.34
5.44 80.00 0.00 0.00 0.00 2.43 -5.35 0.80 -5.35 26.54 20.10 32.07 2.79
5.46 80.00 0.00 0.00 0.00 4.60 -5.35 1.45 -5.35 41.28 0.01 33.62 2.79
5.47 80.00 0.00 0.00 0.00 4.60 -5.35 2.10 -5.24 39.23 6.60 34.87 4.11
5.49 80.00 0.00 0.00 0.00 4.60 -3.16 2.43 -5.13 20.37 6.83 32.74 3.39
5.51 80.00 0.00 0.00 0.00 6.78 -4.26 3.19 -5.02 47.06 6.75 34.12 4.73
5.52 80.00 0.00 0.00 0.00 8.96 -5.36 4.28 -4.80 65.17 13.10 39.29 6.71
5.54 80.00 0.00 0.00 0.00 8.96 -5.36 4.93 -4.70 39.78 6.62 39.36 7.37
5.56 80.00 0.00 0.00 0.00 8.95 -2.08 5.58 -4.48 38.89 12.98 39.23 7.99
5.57 80.00 0.00 0.00 0.00 11.14 -4.27 6.45 -4.59 56.30 -7.18 40.79 6.58
5.59 80.00 0.00 0.00 0.00 8.96 -4.26 7.00 -4.48 34.37 6.86 40.90 7.27
5.60 80.00 0.00 0.00 0.00 11.14 -5.37 7.87 -4.48 51.53 -0.11 43.40 5.25
5.62 80.00 0.00 0.00 0.00 11.14 -4.27 8.52 -4.37 41.55 6.87 43.42 5.93
5.64 80.00 0.00 0.00 0.00 11.14 -5.37 9.18 -4.38 40.00 -0.10 43.50 5.26
5.65 80.00 0.00 0.00 0.00 13.33 -6.48 10.05 -4.71 55.03 -20.90 46.97 2.49
5.67 80.00 0.00 0.00 0.00 13.34 -7.58 10.70 -5.04 39.57 -20.02 46.22 -0.19
5.69 80.00 0.00 0.00 0.00 14.42 -5.38 11.25 -5.04 32.57 -0.14 42.96 -1.51
5.70 80.00 0.00 0.00 0.00 15.51 -4.29 11.90 -4.93 41.58 6.79 43.14 -1.49
5.72 80.00 0.00 0.00 0.00 15.51 -4.29 12.56 -5.16 39.96 -13.50 43.25 -4.14
5.73 80.00 0.00 0.00 0.00 15.53 -8.69 13.00 -5.60 26.66 -26.80 40.28 -6.10
5.75 80.00 0.00 0.00 0.00 15.51 -5.39 13.66 -5.71 41.51 -7.12 41.00 -7.50
5.77 80.00 0.00 0.00 0.00 15.51 -4.29 14.09 -5.60 25.94 6.39 38.44 -6.85
5.78 80.00 0.00 0.00 0.00 17.70 -4.30 14.75 -5.61 41.18 -0.21 38.40 -7.56
5.80 80.00 0.00 0.00 0.00 17.71 -5.40 15.40 -5.61 39.85 -0.22 38.39 -7.57
5.82 80.00 0.00 0.00 0.00 19.90 -4.32 16.06 -5.39 41.85 13.74 37.07 -4.11
5.83 80.00 0.00 0.00 0.00 17.71 -5.40 16.50 -5.18 26.39 13.12 35.75 -0.79
5.85 80.00 0.00 0.00 0.00 19.90 -5.42 17.05 -5.18 33.36 -0.22 35.83 -0.80
5.86 80.00 0.00 0.00 0.00 19.90 -5.42 17.49 -5.29 25.41 -6.52 34.21 -2.13
5.88 80.00 0.00 0.00 0.00 19.90 -4.32 17.93 -5.30 29.80 -0.19 33.20 -0.80
5.90 80.00 0.00 0.00 0.00 19.90 -4.32 18.36 -4.86 26.41 26.47 33.17 4.53
5.91 80.00 0.00 0.00 0.00 19.90 -4.32 18.80 -4.75 26.64 6.50 31.68 5.89
5.93 80.00 0.00 0.00 0.00 19.90 -5.42 19.24 -4.86 27.88 -7.15 31.88 4.53
5.95 80.00 0.00 0.00 0.00 19.90 -4.32 19.46 -4.87 12.91 -0.09 29.05 4.55
5.96 80.00 0.00 0.00 0.00 19.90 -4.32 19.68 -4.76 14.61 7.23 26.53 5.29
5.98 80.00 0.00 0.00 0.00 22.10 -4.34 19.90 -4.76 13.48 -0.10 23.69 3.90
5.99 80.00 0.00 0.00 0.00 21.00 -4.33 20.23 -4.65 20.22 6.60 23.07 3.25
6.01 80.00 0.00 0.00 0.00 24.31 -4.36 20.67 -4.55 27.33 6.59 22.47 3.93
6.03 80.00 0.00 0.00 0.00 22.10 -4.34 20.89 -4.44 13.84 6.82 21.31 5.27
6.04 80.00 0.00 0.00 0.00 24.31 -4.36 21.33 -4.44 26.89 -0.22 21.02 5.27
6.06 80.00 0.00 0.00 0.00 24.33 -6.56 21.77 -4.67 27.27 -13.78 21.11 1.24
6.08 80.00 0.00 0.00 0.00 24.32 -5.46 22.22 -4.78 27.56 -7.09 21.20 -0.12
6.09 80.00 0.00 0.00 0.00 24.30 -3.26 22.66 -4.56 25.93 12.76 21.00 1.87
6.11 80.00 0.00 0.00 0.00 24.30 -3.26 23.10 -4.46 28.17 6.81 22.53 2.56
6.12 80.00 0.00 0.00 0.00 24.31 -4.36 23.54 -4.46 27.60 -0.23 23.83 1.82
6.14 80.00 0.00 0.00 0.00 24.32 -5.46 23.76 -4.57 13.30 -6.71 23.81 1.16
6.16 80.00 0.00 0.00 0.00 26.54 -5.48 24.32 -4.69 34.72 -7.22 25.26 -0.23
6.17 80.00 0.00 0.00 0.00 26.52 -3.28 24.54 -4.58 13.52 6.62 23.88 -0.22
6.19 80.00 0.00 0.00 0.00 26.53 -4.38 24.98 -4.58 26.74 -0.24 25.17 -0.93
6.21 80.00 0.00 0.00 0.00 26.53 -4.38 25.20 -4.59 13.50 -0.13 23.83 -0.92
6.22 80.00 0.00 0.00 0.00 24.30 -3.26 25.20 -4.25 -0.19 20.19 21.08 2.47
6.24 80.00 0.00 0.00 0.00 26.53 -4.38 25.42 -4.15 14.12 6.91 19.74 3.87
6.25 80.00 0.00 0.00 0.00 24.31 -4.36 25.42 -4.26 0.06 -6.61 17.15 1.94
6.27 80.00 0.00 0.00 0.00 28.75 -3.30 25.87 -4.26 28.19 -0.26 17.16 1.23
6.29 80.00 0.00 0.00 0.00 28.77 -5.51 26.31 -4.38 27.39 -7.06 17.13 0.55
6.30 80.00 0.00 0.00 0.00 26.53 -4.38 26.53 -4.27 13.69 6.70 17.17 1.89
6.32 80.00 0.00 0.00 0.00 28.77 -5.51 26.76 -4.27 13.11 -0.15 15.01 2.60
6.34 80.00 0.00 0.00 0.00 28.76 -4.40 26.98 -4.38 14.41 -7.24 15.10 1.21
6.35 80.00 0.00 0.00 0.00 28.75 -3.30 27.20 -4.28 13.16 6.41 13.74 1.88
6.37 80.00 0.00 0.00 0.00 28.77 -5.51 27.43 -4.39 14.14 -7.12 13.81 1.18
6.38 80.00 0.00 0.00 0.00 31.00 -4.43 28.10 -4.51 41.03 -7.17 17.93 -1.56
6.40 80.00 0.00 0.00 0.00 31.00 -4.43 28.54 -4.51 27.33 -0.30 19.25 -2.28
6.42 80.00 0.00 0.00 0.00 31.01 -5.53 29.21 -4.63 41.78 -7.34 23.42 -2.35
6.43 80.00 0.00 0.00 0.00 31.01 -5.53 29.44 -4.85 13.97 -13.80 22.00 -3.71
6.45 80.00 0.00 0.00 0.00 31.01 -5.53 29.66 -4.85 13.40 -0.16 20.60 -3.02
6.47 80.00 0.00 0.00 0.00 31.00 -4.43 30.11 -4.86 27.72 -0.30 22.00 -3.72
6.48 80.00 0.00 0.00 0.00 31.03 -6.64 30.34 -4.97 14.05 -7.08 22.10 -4.41
6.50 80.00 0.00 0.00 0.00 31.03 -6.64 30.56 -5.20 13.89 -13.73 22.05 -5.06
6.51 80.00 0.00 0.00 0.00 31.03 -6.64 30.79 -5.53 13.07 -19.17 22.04 -7.62
6.53 80.00 0.00 0.00 0.00 33.28 -6.67 31.24 -5.65 29.81 -7.72 23.60 -7.68
6.55 80.00 0.00 0.00 0.00 32.15 -6.66 31.36 -5.87 7.07 -13.67 20.21 -8.33
6.56 80.00 0.00 0.00 0.00 33.32 -8.90 31.59 -6.32 14.18 -27.39 18.89 -11.04
6.58 80.00 0.00 0.00 0.00 33.27 -5.56 31.81 -6.32 13.96 -0.18 16.11 -10.32
6.60 80.00 0.00 0.00 0.00 33.32 -8.90 32.04 -6.66 14.34 -20.97 16.15 -11.04
6.61 80.00 0.00 0.00 0.00 33.30 -7.79 32.27 -6.88 13.96 -13.77 16.20 -12.40
6.63 80.00 0.00 0.00 0.00 34.45 -8.92 32.62 -7.33 21.38 -27.86 15.57 -15.15
6.64 80.00 0.00 0.00 0.00 35.56 -7.82 33.07 -7.45 27.92 -7.26 16.96 -15.17
6.66 80.00 0.00 0.00 0.00 35.56 -7.82 33.52 -7.57 27.51 -7.16 18.32 -14.52
6.68 80.00 0.00 0.00 0.00 34.47 -10.04 33.87 -7.91 21.28 -21.01 19.14 -14.70
6.69 80.00 0.00 0.00 0.00 35.58 -8.94 34.10 -8.13 14.35 -14.12 17.59 -15.34
6.71 80.00 0.00 0.00 0.00 35.58 -8.94 34.44 -8.36 20.77 -13.82 18.97 -15.35
6.73 80.00 0.00 0.00 0.00 35.56 -7.82 34.67 -8.26 13.95 6.69 18.94 -11.95
6.74 80.00 0.00 0.00 0.00 35.58 -8.94 34.90 -8.59 13.91 -20.25 18.94 -13.95
6.76 80.00 0.00 0.00 0.00 35.58 -8.94 35.12 -8.60 13.45 -0.23 18.85 -11.88
6.77 80.00 0.00 0.00 0.00 37.82 -6.74 35.58 -8.49 29.19 6.72 20.37 -9.83
6.79 80.00 0.00 0.00 0.00 37.84 -7.86 35.92 -8.39 20.59 6.42 20.29 -6.40
6.81 80.00 0.00 0.00 0.00 39.03 -10.12 36.26 -8.62 22.16 -14.71 19.72 -7.15
6.82 80.00 0.00 0.00 0.00 37.86 -8.98 36.49 -8.73 14.11 -7.10 18.38 -7.14
6.84 80.00 0.00 0.00 0.00 35.63 -11.18 36.61 -8.85 7.10 -7.00 16.96 -5.74
6.86 80.00 0.00 0.00 0.00 40.16 -9.02 37.07 -8.86 28.55 -0.54 18.38 -4.38
6.87 80.00 0.00 0.00 0.00 40.16 -9.02 37.52 -8.86 28.18 -0.53 19.12 -3.05
6.89 80.00 0.00 0.00 0.00 37.84 -7.86 37.75 -8.87 13.94 -0.24 19.12 -3.75
6.90 80.00 0.00 0.00 0.00 37.86 -8.98 37.98 -8.87 13.88 -0.25 19.12 -1.75
6.92 80.00 0.00 0.00 0.00 40.14 -7.90 38.44 -8.77 28.09 6.39 20.58 -1.08
6.94 80.00 0.00 0.00 0.00 40.14 -7.90 38.67 -8.88 14.23 -7.13 19.08 -2.47
6.95 80.00 0.00 0.00 0.00 40.16 -9.02 38.90 -9.00 13.57 -6.81 18.38 -3.79
6.97 80.00 0.00 0.00 0.00 40.14 -7.90 39.01 -8.78 7.51 15.11 16.92 -0.81
6.98 80.00 0.00 0.00 0.00 40.14 -7.90 39.24 -8.67 13.78 6.53 16.88 0.55
7.00 80.00 0.00 0.00 0.00 40.10 -5.67 39.68 -8.12 28.51 35.15 19.02 4.77
7.02 80.00 0.00 0.00 0.00 40.14 -7.90 39.68 -8.01 -0.14 6.81 16.16 5.50
7.03 80.00 0.00 0.00 0.00 40.12 -6.78 39.68 -7.78 -0.27 13.90 13.31 6.95
7.05 80.00 0.00 0.00 0.00 42.42 -6.83 40.13 -7.68 27.89 6.30 14.71 7.60
7.07 80.00 0.00 0.00 0.00 40.08 -4.55 40.36 -7.24 13.79 27.59 14.70 10.38
7.08 80.00 0.00 0.00 0.00 42.42 -6.83 40.58 -7.13 13.99 6.59 13.29 10.40
7.10 80.00 0.00 0.00 0.00 44.75 -6.87 41.05 -7.03 28.45 6.37 14.71 11.75
7.11 80.00 0.00 0.00 0.00 44.75 -6.87 41.50 -6.81 27.50 12.91 16.10 13.73
7.13 80.00 0.00 0.00 0.00 44.77 -8.00 41.97 -6.82 29.15 -0.58 18.27 12.16
7.15 80.00 0.00 0.00 0.00 42.38 -4.59 42.19 -6.49 13.85 20.45 18.27 13.55
7.16 80.00 0.00 0.00 0.00 44.72 -5.75 42.65 -6.50 28.46 -0.50 18.27 9.98
7.18 80.00 0.00 0.00 0.00 42.42 -6.83 42.88 -6.39 13.86 6.53 19.67 9.96
7.20 80.00 0.00 0.00 0.00 44.72 -5.75 43.34 -6.29 28.49 6.40 22.54 9.20
7.21 80.00 0.00 0.00 0.00 44.75 -6.87 43.58 -6.29 14.53 -0.28 21.21 8.55
7.23 80.00 0.00 0.00 0.00 42.38 -4.59 43.81 -6.29 14.05 -0.23 21.23 5.76
7.25 80.00 0.00 0.00 0.00 44.75 -6.87 44.04 -6.30 14.34 -0.28 21.27 5.08
7.26 80.00 0.00 0.00 0.00 44.75 -6.87 44.04 -6.30 0.00 0.00 18.43 4.44
7.28 80.00 0.00 0.00 0.00 42.40 -5.71 43.80 -6.18 -15.63 7.77 14.11 3.93
7.29 80.00 0.00 0.00 0.00 44.72 -5.75 43.80 -5.96 -0.28 13.28 11.17 5.31
7.31 80.00 0.00 0.00 0.00 44.70 -4.63 44.03 -5.96 14.88 -0.25 11.27 3.24
7.33 80.00 0.00 0.00 0.00 44.72 -5.75 44.03 -5.96 0.00 0.00 8.43 3.29
7.34 80.00 0.00 0.00 0.00 45.89 -5.77 44.38 -5.86 21.27 6.47 9.17 3.29
7.36 80.00 0.00 0.00 0.00 45.91 -6.90 44.50 -5.97 7.38 -7.11 7.05 1.94
7.38 80.00 0.00 0.00 0.00 44.72 -5.75 44.50 -5.86 -0.14 6.87 5.59 2.65
7.39 80.00 0.00 0.00 0.00 49.42 -5.84 45.20 -5.98 42.52 -7.57 8.43 1.92
7.41 80.00 0.00 0.00 0.00 47.02 -3.55 45.43 -5.65 13.88 20.29 8.39 3.97
7.42 80.00 0.00 0.00 0.00 49.47 -8.10 45.90 -5.77 28.72 -7.47 11.26 3.23
7.44 80.00 0.00 0.00 0.00 49.45 -6.97 46.60 -5.90 43.73 -7.85 17.20 1.67
7.46 80.00 0.00 0.00 0.00 49.40 -4.72 47.07 -5.80 29.02 6.42 20.13 0.98
7.47 80.00 0.00 0.00 0.00 49.42 -5.84 47.54 -5.92 30.03 -7.72 21.64 0.23
7.49 80.00 0.00 0.00 0.00 49.42 -5.84 48.01 -5.93 28.23 -0.56 24.46 0.18
7.51 80.00 0.00 0.00 0.00 49.40 -4.72 48.36 -5.82 21.92 6.60 24.53 0.19
7.52 80.00 0.00 0.00 0.00 49.42 -5.84 48.72 -5.72 21.19 6.36 25.91 1.54
7.54 80.00 0.00 0.00 0.00 49.40 -4.72 49.18 -5.61 29.19 6.46 28.84 1.50
7.55 80.00 0.00 0.00 0.00 49.42 -5.84 49.18 -5.61 -0.00 0.00 24.59 2.25
7.57 80.00 0.00 0.00 0.00 49.40 -4.72 49.42 -5.73 15.13 -7.43 24.72 -0.52
7.59 80.00 0.00 0.00 0.00 49.38 -3.59 49.41 -5.28 -0.61 27.75 21.78 3.00
7.60 80.00 0.00 0.00 0.00 49.42 -5.84 49.41 -5.17 -0.16 6.87 17.39 4.48
7.62 80.00 0.00 0.00 0.00 54.17 -4.81 49.89 -5.18 29.40 -0.60 17.43 3.77
7.63 80.00 0.00 0.00 0.00 51.78 -4.76 50.12 -5.07 14.55 6.67 15.88 5.21
7.65 80.00 0.00 0.00 0.00 54.15 -3.68 50.59 -4.85 28.92 13.22 15.95 6.59
7.67 80.00 0.00 0.00 0.00 54.17 -4.81 51.07 -4.86 28.62 -0.59 16.62 5.87
7.68 80.00 0.00 0.00 0.00 54.15 -3.68 51.54 -4.65 29.28 13.39 17.43 6.57
7.70 80.00 0.00 0.00 0.00 54.15 -3.68 52.02 -4.54 30.03 6.54 17.52 6.58
7.72 80.00 0.00 0.00 0.00 54.13 -2.55 52.49 -4.21 27.05 18.93 20.22 8.48
7.73 80.00 0.00 0.00 0.00 54.13 -2.55 52.96 -4.00 30.63 14.03 21.77 10.62
7.75 80.00 0.00 0.00 0.00 54.10 -1.42 53.44 -3.78 29.65 13.60 24.80 9.21
7.76 80.00 0.00 0.00 0.00 56.54 -2.60 54.15 -3.45 42.72 19.47 29.08 10.47
7.78 80.00 0.00 0.00 0.00 56.57 -3.73 54.39 -3.35 15.16 6.85 27.66 11.21
7.80 80.00 0.00 0.00 0.00 54.13 -2.55 54.62 -3.13 14.54 13.68 27.66 11.91
7.81 80.00 0.00 0.00 0.00 56.52 -1.46 54.86 -2.90 14.55 13.60 26.22 11.95
7.83 80.00 0.00 0.00 0.00 56.52 -1.46 55.09 -2.57 14.27 20.35 24.79 14.04
7.85 80.00 0.00 0.00 0.00 58.94 -0.37 55.57 -2.24 29.35 20.25 24.79 14.73
7.86 80.00 0.00 0.00 0.00 58.96 -1.51 56.05 -2.02 29.67 13.39 24.76 15.41
7.88 80.00 0.00 0.00 0.00 58.92 0.76 56.53 -1.69 29.59 20.43 25.01 15.57
7.89 80.00 0.00 0.00 0.00 58.99 -2.64 57.02 -1.70 29.26 -0.57 24.88 14.11
7.91 80.00 0.00 0.00 0.00 58.94 -0.37 57.50 -1.59 30.86 6.69 25.00 13.41
7.93 80.00 0.00 0.00 0.00 58.94 -0.37 57.74 -1.37 14.75 13.68 22.20 12.84
7.94 80.00 0.00 0.00 0.00 58.92 0.76 57.98 -0.92 14.14 26.99 22.10 14.85
7.96 80.00 0.00 0.00 0.00 58.94 -0.37 58.46 -0.71 31.27 14.14 23.77 14.89
7.98 80.00 0.00 0.00 0.00 58.92 0.76 58.70 -0.48 14.56 13.50 23.77 14.88
7.99 80.00 0.00 0.00 0.00 61.39 0.72 59.19 -0.26 30.26 13.59 25.37 14.21
8.01 80.00 0.00 0.00 0.00 58.96 -1.51 59.19 -0.38 0.14 -6.97 22.45 11.49
8.02 80.00 0.00 0.00 0.00 62.65 -0.44 59.56 -0.27 23.56 6.83 21.84 10.83
8.04 80.00 0.00 0.00 0.00 61.41 -0.42 59.81 -0.39 14.38 -6.81 20.32 8.11
8.06 80.00 0.00 0.00 0.00 61.39 0.72 60.05 -0.05 15.56 21.84 18.95 10.35
8.07 80.00 0.00 0.00 0.00 63.90 -0.46 60.54 -0.06 29.93 -0.53 18.85 9.62
8.09 80.00 0.00 0.00 0.00 63.93 -1.61 61.04 -0.18 30.86 -7.63 20.47 7.49
8.11 80.00 0.00 0.00 0.00 61.41 -0.42 61.29 -0.30 15.58 -7.38 20.61 4.06
8.12 80.00 0.00 0.00 0.00 63.90 -0.46 61.79 -0.31 30.65 -0.55 20.55 2.59
8.14 80.00 0.00 0.00 0.00 63.90 -0.46 62.28 -0.43 30.08 -7.38 22.10 0.50
8.15 80.00 0.00 0.00 0.00 63.90 -0.46 62.54 -0.55 15.54 -7.31 20.63 -1.59
8.17 80.00 0.00 0.00 0.00 63.90 -0.46 63.03 -0.45 30.83 6.53 23.70 -0.24
8.19 80.00 0.00 0.00 0.00 63.88 0.68 63.15 -0.33 7.47 6.81 22.09 -0.24
8.20 80.00 0.00 0.00 0.00 63.90 -0.46 63.40 -0.34 14.96 -0.27 22.15 0.41
8.22 80.00 0.00 0.00 0.00 61.41 -0.42 63.40 -0.45 0.14 -7.29 20.60 -2.50
8.24 80.00 0.00 0.00 0.00 63.90 -0.46 63.40 -0.45 0.00 0.00 17.61 -2.45
8.25 80.00 0.00 0.00 0.00 63.84 2.96 63.40 0.00 -0.54 28.94 14.47 1.21
8.27 80.00 0.00 0.00 0.00 66.40 0.64 63.89 0.11 30.21 6.37 15.93 2.58
8.28 80.00 0.00 0.00 0.00 63.90 -0.46 63.89 0.11 0.00 0.00 12.87 2.64
8.30 80.00 0.00 0.00 0.00 63.90 -0.46 63.89 0.11 0.00 0.00 9.86 3.38
8.32 80.00 0.00 0.00 0.00 66.43 -0.51 64.15 0.10 16.10 -0.31 9.92 4.08
8.33 80.00 0.00 0.00 0.00 63.90 -0.46 64.15 0.10 0.00 0.00 6.83 3.43
8.35 80.00 0.00 0.00 0.00 63.93 -1.61 64.15 -0.12 0.28 -13.85 6.11 1.36
8.37 80.00 0.00 0.00 0.00 63.95 -2.75 64.16 -0.35 0.31 -14.09 4.65 -0.02
8.38 80.00 0.00 0.00 0.00 63.90 -0.46 64.41 -0.36 15.06 -0.27 6.14 0.68
8.40 80.00 0.00 0.00 0.00 66.43 -0.51 64.66 -0.36 15.03 -0.29 7.65 0.65
8.41 80.00 0.00 0.00 0.00 66.43 -0.51 64.92 -0.71 16.53 -22.20 9.35 -4.46
8.43 80.00 0.00 0.00 0.00 66.38 1.78 64.91 -0.59 -0.13 6.98 6.32 -4.40
8.45 80.00 0.00 0.00 0.00 66.43 -0.51 65.17 -0.60 15.72 -0.30 7.89 -4.43
8.46 80.00 0.00 0.00 0.00 68.95 0.59 65.67 -0.49 30.94 6.45 10.98 -3.79
8.48 80.00 0.00 0.00 0.00 66.43 -0.51 65.67 -0.49 0.00 0.00 9.37 -3.76
8.50 80.00 0.00 0.00 0.00 69.01 -1.71 66.18 -0.62 30.62 -7.50 12.44 -4.51
8.51 80.00 0.00 0.00 0.00 66.40 0.64 66.43 -0.40 15.24 13.80 13.93 -1.74
8.53 80.00 0.00 0.00 0.00 66.40 0.64 66.67 -0.06 15.51 21.45 15.45 1.81
8.54 80.00 0.00 0.00 0.00 68.98 -0.56 67.18 -0.07 30.87 -0.60 17.03 1.78
8.56 80.00 0.00 0.00 0.00 68.93 1.74 67.43 0.16 15.31 13.74 17.06 3.18
8.58 80.00 0.00 0.00 0.00 68.98 -0.56 67.69 0.15 15.33 -0.30 16.94 5.37
8.59 80.00 0.00 0.00 0.00 68.95 0.59 67.95 0.03 16.34 -7.56 18.59 3.92
8.61 80.00 0.00 0.00 0.00 69.01 -1.71 68.20 -0.09 15.52 -7.24 18.57 3.22
8.63 80.00 0.00 0.00 0.00 68.95 0.59 68.20 -0.09 0.00 0.00 15.47 2.58
8.64 80.00 0.00 0.00 0.00 68.95 0.59 68.46 0.02 15.53 6.76 17.03 3.25
8.66 80.00 0.00 0.00 0.00 68.95 0.59 68.45 0.25 -0.32 14.39 13.93 5.44
8.67 80.00 0.00 0.00 0.00 68.93 1.74 68.71 0.37 14.99 6.54 13.91 4.72
8.69 80.00 0.00 0.00 0.00 68.93 1.74 68.96 0.48 15.36 6.70 13.89 3.24
8.71 80.00 0.00 0.00 0.00 71.57 -0.61 69.22 0.47 16.67 -0.34 12.47 3.27
8.72 80.00 0.00 0.00 0.00 71.52 1.70 69.48 0.47 15.44 -0.26 12.49 1.87
8.74 80.00 0.00 0.00 0.00 71.57 -0.61 69.73 0.46 15.09 -0.31 12.46 1.87
8.76 80.00 0.00 0.00 0.00 71.52 1.70 69.99 0.57 17.07 7.37 12.54 3.36
8.77 80.00 0.00 0.00 0.00 71.52 1.70 70.24 0.91 15.24 20.70 12.51 6.16
8.79 80.00 0.00 0.00 0.00 71.52 1.70 70.50 1.02 15.96 6.89 14.10 6.84
8.80 80.00 0.00 0.00 0.00 71.63 -2.93 70.76 0.67 16.14 -21.27 14.16 4.04
8.82 80.00 0.00 0.00 0.00 72.82 1.68 71.15 0.78 24.37 6.83 16.63 3.29
8.84 80.00 0.00 0.00 0.00 71.57 -0.61 71.42 0.54 16.09 -14.38 16.74 1.19
8.85 80.00 0.00 0.00 0.00 71.54 0.54 71.68 0.42 16.13 -7.41 16.82 -0.22
8.87 80.00 0.00 0.00 0.00 71.52 1.70 71.67 0.66 -0.31 14.30 15.12 1.25
8.89 80.00 0.00 0.00 0.00 71.54 0.54 71.67 0.54 0.14 -6.86 13.59 0.59
8.90 80.00 0.00 0.00 0.00 74.19 -0.67 71.94 0.53 16.22 -0.35 13.71 0.58
8.92 80.00 0.00 0.00 0.00 71.54 0.54 71.94 0.42 0.15 -7.20 12.01 -0.87
8.93 80.00 0.00 0.00 0.00 71.57 -0.61 71.94 0.19 0.30 -14.00 10.52 -4.34
8.95 80.00 0.00 0.00 0.00 71.54 0.54 71.95 0.07 0.15 -7.28 8.94 -5.76
8.97 80.00 0.00 0.00 0.00 71.57 -0.61 71.94 0.30 -0.37 14.47 7.29 -2.19
8.98 80.00 0.00 0.00 0.00 74.16 0.49 72.07 0.19 8.66 -7.65 5.72 -3.64
9.00 80.00 0.00 0.00 0.00 71.60 -1.77 72.08 0.07 0.18 -7.11 4.12 -2.91
9.02 80.00 0.00 0.00 0.00 74.16 0.49 72.34 0.06 16.06 -0.31 4.12 -2.20
9.03 80.00 0.00 0.00 0.00 71.57 -0.61 72.34 -0.17 0.30 -13.90 4.18 -5.02
9.05 80.00 0.00 0.00 0.00 71.54 0.54 72.34 -0.17 0.00 0.00 4.16 -4.33
9.06 80.00 0.00 0.00 0.00 71.54 0.54 72.08 -0.05 -17.84 8.17 0.76 -3.48
9.08 80.00 0.00 0.00 0.00 74.19 -0.67 72.34 -0.17 16.36 -7.49 2.38 -3.51
9.10 80.00 0.00 0.00 0.00 74.16 0.49 72.60 -0.06 15.66 6.67 3.92 -1.44
9.11 80.00 0.00 0.00 0.00 71.57 -0.61 72.61 -0.17 0.16 -7.24 3.92 -1.44
9.13 80.00 0.00 0.00 0.00 74.22 -1.83 72.87 -0.29 16.33 -7.50 5.59 -3.64
9.14 80.00 0.00 0.00 0.00 74.19 -0.67 72.87 -0.41 0.17 -7.06 4.74 -3.58
9.16 80.00 0.00 0.00 0.00 71.60 -1.77 72.87 -0.41 0.00 0.00 4.72 -2.87
9.18 80.00 0.00 0.00 0.00 74.25 -3.00 72.88 -0.76 0.55 -21.35 3.17 -4.97
9.19 80.00 0.00 0.00 0.00 71.63 -2.93 72.89 -0.99 0.37 -14.36 3.18 -5.02
9.21 80.00 0.00 0.00 0.00 74.19 -0.67 73.15 -1.11 16.01 -7.32 4.78 -5.75
9.23 80.00 0.00 0.00 0.00 74.22 -1.83 73.42 -1.35 16.60 -14.72 8.22 -8.04
9.24 80.00 0.00 0.00 0.00 71.57 -0.61 73.16 -1.34 -16.15 0.34 4.97 -7.25
9.26 80.00 0.00 0.00 0.00 74.29 -4.16 73.17 -1.81 0.78 -28.94 3.48 -10.82
9.28 80.00 0.00 0.00 0.00 71.57 -0.61 73.17 -1.81 0.00 0.00 3.47 -10.09
9.29 80.00 0.00 0.00 0.00 74.33 -5.33 73.18 -2.16 0.62 -20.56 1.89 -11.40
9.31 80.00 0.00 0.00 0.00 74.25 -3.00 73.19 -2.39 0.39 -14.58 1.92 -12.15
9.32 80.00 0.00 0.00 0.00 74.25 -3.00 73.45 -2.51 16.93 -7.81 3.61 -12.93
9.34 80.00 0.00 0.00 0.00 71.63 -2.93 73.19 -2.51 -15.70 0.40 1.99 -10.76
9.36 80.00 0.00 0.00 0.00 76.85 -0.73 73.71 -2.29 32.03 13.50 5.15 -7.97
9.37 80.00 0.00 0.00 0.00 74.25 -3.00 73.72 -2.52 0.39 -14.46 3.59 -8.68
9.39 80.00 0.00 0.00 0.00 76.85 -0.73 73.98 -2.41 16.16 6.78 3.55 -6.53
9.41 80.00 0.00 0.00 0.00 76.95 -4.24 74.52 -2.77 33.13 -22.29 8.47 -8.80
9.42 80.00 0.00 0.00 0.00 74.33 -5.33 74.53 -2.89 0.23 -7.09 8.42 -6.61
9.44 80.00 0.00 0.00 0.00 77.04 -6.59 75.07 -3.49 34.52 -37.70 11.87 -10.38
9.45 80.00 0.00 0.00 0.00 76.92 -3.07 75.33 -3.26 16.09 14.07 13.42 -6.92
9.47 80.00 0.00 0.00 0.00 76.95 -4.24 75.60 -3.38 16.64 -7.65 15.04 -6.22
9.49 80.00 0.00 0.00 0.00 76.99 -5.41 75.88 -3.63 16.36 -14.41 14.99 -6.88
9.50 80.00 0.00 0.00 0.00 76.99 -5.41 76.41 -3.87 33.02 -15.26 19.86 -8.45
9.52 80.00 0.00 0.00 0.00 76.95 -4.24 76.42 -4.22 0.65 -22.12 16.72 -12.01
9.54 80.00 0.00 0.00 0.00 76.88 -1.90 76.69 -4.11 16.03 6.71 18.28 -9.90
9.55 80.00 0.00 0.00 0.00 76.88 -1.90 76.69 -4.23 0.19 -7.10 16.69 -11.29
9.57 80.00 0.00 0.00 0.00 76.95 -4.24 76.69 -4.23 0.00 0.00 13.37 -9.06
9.58 80.00 0.00 0.00 0.00 76.92 -3.07 76.95 -4.00 16.26 14.21 14.98 -6.93
9.60 80.00 0.00 0.00 0.00 76.88 -1.90 76.93 -3.54 -0.94 28.42 11.43 -0.31
9.62 80.00 0.00 0.00 0.00 76.99 -5.41 76.94 -3.77 0.48 -14.48 9.87 -3.17
9.63 80.00 0.00 0.00 0.00 79.62 -3.14 77.21 -3.66 16.61 6.84 9.87 -1.72
9.65 80.00 0.00 0.00 0.00 76.92 -3.07 77.20 -3.43 -0.46 14.01 8.18 1.12
9.66 80.00 0.00 0.00 0.00 79.62 -3.14 77.46 -3.20 15.91 13.76 6.47 4.02
9.68 80.00 0.00 0.00 0.00 76.95 -4.24 77.46 -3.20 0.00 0.00 6.41 6.24
9.70 80.00 0.00 0.00 0.00 79.62 -3.14 77.73 -3.32 16.37 -7.43 6.44 4.82
9.71 80.00 0.00 0.00 0.00 82.33 -2.04 78.28 -3.34 34.71 -0.88 9.89 5.44
9.73 80.00 0.00 0.00 0.00 79.70 -5.50 78.55 -3.46 16.31 -7.47 11.52 4.70
9.75 80.00 0.00 0.00 0.00 79.70 -5.50 78.83 -3.71 17.60 -15.36 11.66 1.74
9.76 80.00 0.00 0.00 0.00 82.36 -3.22 79.38 -3.84 33.52 -8.07 15.10 -1.91
9.78 80.00 0.00 0.00 0.00 82.50 -6.77 79.93 -3.97 33.72 -8.34 18.43 -1.30
9.80 80.00 0.00 0.00 0.00 79.66 -4.32 79.94 -4.09 0.24 -7.25 16.79 -2.70
9.81 80.00 0.00 0.00 0.00 77.04 -6.59 79.95 -4.44 0.73 -21.51 16.91 -6.26
9.83 80.00 0.00 0.00 0.00 76.95 -4.24 79.68 -4.55 -16.34 -6.73 13.69 -8.31
9.84 80.00 0.00 0.00 0.00 79.62 -3.14 79.95 -4.44 16.61 6.84 15.35 -7.62
9.86 80.00 0.00 0.00 0.00 79.75 -6.68 79.96 -4.80 0.78 -21.70 13.79 -9.05
9.88 80.00 0.00 0.00 0.00 79.79 -7.86 79.71 -5.38 -15.49 -35.61 8.77 -12.52
9.89 80.00 0.00 0.00 0.00 77.08 -7.76 79.44 -5.61 -16.32 -14.13 5.51 -13.19
9.91 80.00 0.00 0.00 0.00 79.79 -7.86 79.45 -5.84 0.56 -14.24 3.80 -13.07
9.93 80.00 0.00 0.00 0.00 86.71 -6.93 79.89 -6.21 27.94 -23.83 3.24 -14.65
9.94 80.00 0.00 0.00 0.00 77.08 -7.76 79.35 -6.31 -31.85 -5.83 -3.31 -14.40
9.96 80.00 0.00 0.00 0.00 77.04 -6.59 79.09 -6.54 -17.84 -15.44 -5.12 -15.22
9.97 80.00 0.00 0.00 0.00 82.55 -7.96 79.64 -6.68 32.44 -8.10 -1.95 -13.88
9.99 80.00 0.00 0.00 0.00 77.04 -6.59 79.64 -6.91 0.53 -15.13 -0.26 -14.72
10.01 80.00 0.00 0.00 0.00 77.08 -7.76 79.39 -7.37 -15.17 -27.64 -3.44 -18.16
10.02 80.00 0.00 0.00 0.00 77.04 -6.59 79.12 -7.37 -16.91 0.57 -5.21 -15.94
10.04 80.00 0.00 0.00 0.00 79.84 -9.05 79.13 -7.48 0.32 -7.35 -3.63 -13.11
10.05 80.00 0.00 0.00 0.00 79.70 -5.50 79.39 -7.26 15.69 13.59 -0.43 -10.34
10.07 80.00 0.00 0.00 0.00 76.99 -5.41 79.11 -7.01 -17.85 15.62 -2.27 -7.35
10.09 80.00 0.00 0.00 0.00 77.04 -6.59 78.14 -6.98 -59.31 2.08 -10.99 -4.76
10.10 80.00 0.00 0.00 0.00 76.95 -4.24 78.13 -6.63 -0.78 21.28 -7.89 -2.05
10.12 80.00 0.00 0.00 0.00 76.88 -1.90 78.11 -6.16 -0.96 29.07 -6.20 2.40
10.14 80.00 0.00 0.00 0.00 82.45 -5.59 78.10 -5.92 -0.59 14.37 -9.50 4.65
10.15 80.00 0.00 0.00 0.00 82.41 -4.40 78.64 -5.70 33.93 13.81 -6.16 7.54
10.17 80.00 0.00 0.00 0.00 79.62 -3.14 78.89 -5.24 15.50 28.25 -3.10 13.13
10.18 80.00 0.00 0.00 0.00 82.36 -3.22 79.42 -4.90 32.17 20.34 1.81 15.11
10.20 80.00 0.00 0.00 0.00 82.50 -6.77 79.69 -4.67 16.09 13.79 3.39 17.22
10.22 80.00 0.00 0.00 0.00 82.36 -3.22 79.96 -4.45 16.67 14.26 3.49 17.29
10.23 80.00 0.00 0.00 0.00 82.29 -0.86 80.49 -3.99 32.52 27.95 8.52 18.52
10.25 80.00 0.00 0.00 0.00 82.33 -2.04 81.02 -3.54 31.19 26.83 17.58 21.00
10.27 80.00 0.00 0.00 0.00 82.55 -7.96 81.57 -3.91 36.94 -24.59 21.35 16.41
10.28 80.00 0.00 0.00 0.00 82.33 -2.04 82.12 -3.92 32.02 -0.82 24.64 13.42
10.30 80.00 0.00 0.00 0.00 82.29 -0.86 82.10 -3.45 -1.01 30.09 24.60 14.99
10.31 80.00 0.00 0.00 0.00 82.36 -3.22 82.10 -3.33 -0.25 7.07 21.19 14.32
10.33 80.00 0.00 0.00 0.00 79.52 0.38 82.09 -2.98 -0.64 22.63 19.57 13.76
10.35 80.00 0.00 0.00 0.00 82.45 -5.59 82.10 -3.22 0.51 -14.20 16.41 10.30
10.36 80.00 0.00 0.00 0.00 82.41 -4.40 82.09 -2.98 -0.58 14.89 14.74 10.41
10.38 80.00 0.00 0.00 0.00 82.29 -0.86 82.08 -2.74 -0.45 14.65 13.03 10.45
10.40 80.00 0.00 0.00 0.00 82.36 -3.22 82.09 -2.98 0.45 -14.47 9.82 6.21
10.41 80.00 0.00 0.00 0.00 82.33 -2.04 82.09 -2.98 -0.00 0.00 6.70 3.53
10.43 80.00 0.00 0.00 0.00 82.33 -2.04 82.07 -2.39 -1.36 36.24 2.87 9.61
10.44 80.00 0.00 0.00 0.00 82.41 -4.40 82.07 -2.62 0.48 -14.26 -0.28 8.27
10.46 80.00 0.00 0.00 0.00 82.45 -5.59 82.09 -3.09 0.98 -29.41 -0.08 2.31
10.48 80.00 0.00 0.00 0.00 82.26 0.32 82.08 -2.74 -0.64 21.80 -0.12 3.79
10.49 80.00 0.00 0.00 0.00 82.45 -5.59 82.37 -3.34 18.20 -37.07 1.76 -2.18
10.51 80.00 0.00 0.00 0.00 82.45 -5.59 82.37 -3.34 0.00 0.00 1.71 -0.76
10.53 80.00 0.00 0.00 0.00 82.45 -5.59 82.38 -3.46 0.28 -7.40 1.79 -2.99
10.54 80.00 0.00 0.00 0.00 83.84 -5.63 82.53 -3.93 9.48 -29.22 2.79 -7.38
10.56 80.00 0.00 0.00 0.00 82.33 -2.04 82.53 -3.82 -0.23 7.03 2.72 -5.23
10.57 80.00 0.00 0.00 0.00 82.45 -5.59 82.54 -4.17 0.78 -22.53 2.80 -7.48
10.59 80.00 0.00 0.00 0.00 82.41 -4.40 82.55 -4.41 0.50 -14.95 2.98 -12.60
10.61 80.00 0.00 0.00 0.00 82.45 -5.59 82.55 -4.53 0.27 -7.32 2.96 -11.91
10.62 80.00 0.00 0.00 0.00 82.50 -6.77 82.56 -4.64 0.29 -7.26 2.89 -9.69
10.64 80.00 0.00 0.00 0.00 85.16 -3.30 82.85 -5.01 17.17 -21.47 4.68 -14.02
10.66 80.00 0.00 0.00 0.00 82.36 -3.22 82.84 -4.77 -0.54 14.95 2.80 -8.82
10.67 80.00 0.00 0.00 0.00 82.50 -6.77 82.84 -4.89 0.30 -7.42 2.83 -9.56
10.69 80.00 0.00 0.00 0.00 82.36 -3.22 82.84 -4.65 -0.52 14.40 2.75 -7.38
10.70 80.00 0.00 0.00 0.00 82.45 -5.59 82.70 -4.65 -8.51 0.28 0.95 -4.43
10.72 80.00 0.00 0.00 0.00 82.50 -6.77 82.71 -5.12 1.06 -29.49 1.08 -8.08
10.74 80.00 0.00 0.00 0.00 82.45 -5.59 82.71 -5.12 0.00 0.00 1.00 -5.83
10.75 80.00 0.00 0.00 0.00 82.45 -5.59 82.72 -5.24 0.27 -7.30 0.98 -5.06
10.77 80.00 0.00 0.00 0.00 82.41 -4.40 82.71 -5.12 -0.27 7.24 0.92 -3.61
10.79 80.00 0.00 0.00 0.00 85.25 -5.68 82.99 -5.01 16.49 6.56 2.54 -2.22
10.80 80.00 0.00 0.00 0.00 85.20 -4.49 82.99 -5.13 0.26 -7.21 0.85 -0.80
10.82 80.00 0.00 0.00 0.00 83.75 -3.26 83.13 -5.13 8.98 -0.26 1.81 -2.32
10.83 80.00 0.00 0.00 0.00 82.23 1.50 83.11 -4.31 -1.62 50.42 1.61 3.46
10.85 80.00 0.00 0.00 0.00 85.20 -4.49 83.39 -4.43 17.56 -7.87 3.42 1.24
10.87 80.00 0.00 0.00 0.00 85.30 -6.87 83.67 -4.56 17.49 -7.91 6.02 0.42
10.88 80.00 0.00 0.00 0.00 82.23 1.50 83.65 -3.74 -1.67 51.89 5.75 8.55
10.90 80.00 0.00 0.00 0.00 82.36 -3.22 83.64 -3.50 -0.51 14.01 5.70 9.95
10.92 80.00 0.00 0.00 0.00 85.16 -3.30 83.91 -3.27 16.88 14.27 7.36 12.11
10.93 80.00 0.00 0.00 0.00 85.16 -3.30 84.18 -3.16 16.50 6.61 9.04 12.05
10.95 80.00 0.00 0.00 0.00 85.16 -3.30 84.17 -2.92 -0.56 14.81 7.33 12.87
10.96 80.00 0.00 0.00 0.00 88.00 -3.38 84.45 -2.81 18.38 7.26 9.14 14.32
10.98 80.00 0.00 0.00 0.00 88.14 -6.98 84.89 -3.18 27.01 -22.92 10.95 12.06
11.00 80.00 0.00 0.00 0.00 82.50 -6.77 84.92 -4.01 1.62 -50.27 11.27 1.99
11.01 80.00 0.00 0.00 0.00 85.30 -6.87 84.93 -4.25 0.62 -15.21 9.58 1.25
11.03 80.00 0.00 0.00 0.00 88.26 -9.39 85.23 -4.50 18.19 -15.43 9.65 0.50
11.04 80.00 0.00 0.00 0.00 88.14 -6.98 85.82 -5.35 36.80 -52.79 13.49 -9.96
11.06 80.00 0.00 0.00 0.00 85.20 -4.49 86.10 -5.48 17.02 -7.63 15.24 -12.13
11.08 80.00 0.00 0.00 0.00 88.14 -6.98 86.40 -5.84 18.13 -22.34 15.37 -15.79
11.09 80.00 0.00 0.00 0.00 88.04 -4.58 86.69 -5.97 18.17 -8.07 15.54 -17.26
11.11 80.00 0.00 0.00 0.00 85.30 -6.87 86.70 -6.33 0.85 -21.65 15.68 -20.90
11.13 80.00 0.00 0.00 0.00 88.09 -5.78 86.71 -6.57 0.58 -14.77 13.90 -23.11
11.14 80.00 0.00 0.00 0.00 88.00 -3.38 86.70 -6.21 -0.91 22.32 11.10 -18.58
11.16 80.00 0.00 0.00 0.00 88.00 -3.38 87.25 -5.87 33.88 20.89 14.33 -11.47
11.17 80.00 0.00 0.00 0.00 88.26 -9.39 87.54 -6.12 18.05 -15.32 16.07 -11.48
11.19 80.00 0.00 0.00 0.00 88.14 -6.98 87.53 -5.88 -0.72 14.98 14.18 -8.44
11.21 80.00 0.00 0.00 0.00 90.99 -5.88 87.81 -5.77 17.18 6.62 12.22 -2.50
11.22 80.00 0.00 0.00 0.00 88.04 -4.58 88.10 -5.78 18.11 -0.59 12.33 -1.79
11.24 80.00 0.00 0.00 0.00 88.09 -5.78 88.09 -5.66 -0.32 7.34 10.49 1.18
11.26 80.00 0.00 0.00 0.00 88.09 -5.78 88.10 -5.78 0.29 -7.21 8.70 1.26
11.27 80.00 0.00 0.00 0.00 90.84 -2.27 88.65 -5.32 33.03 27.40 11.92 6.17
11.29 80.00 0.00 0.00 0.00 87.95 -2.19 88.64 -4.96 -0.89 23.50 11.77 9.99
11.30 80.00 0.00 0.00 0.00 90.93 -4.68 88.93 -5.09 18.10 -7.97 13.67 6.96
11.32 80.00 0.00 0.00 0.00 90.80 -1.07 89.21 -4.86 17.08 14.07 11.99 6.28
11.34 80.00 0.00 0.00 0.00 88.04 -4.58 89.19 -4.38 -1.31 29.09 10.05 10.72
11.35 80.00 0.00 0.00 0.00 88.09 -5.78 89.19 -4.26 -0.32 7.43 10.09 9.97
11.37 80.00 0.00 0.00 0.00 90.89 -3.47 89.18 -4.02 -0.62 15.11 8.31 10.82
11.39 80.00 0.00 0.00 0.00 87.88 0.20 89.16 -3.54 -0.98 29.00 6.40 13.78
11.40 80.00 0.00 0.00 0.00 90.80 -1.07 89.43 -3.07 16.64 28.88 8.10 15.93
11.42 80.00 0.00 0.00 0.00 90.73 1.32 89.70 -2.36 15.97 42.95 9.67 20.95
11.43 80.00 0.00 0.00 0.00 87.85 1.39 89.40 -1.99 -18.68 22.82 4.50 20.49
11.45 80.00 0.00 0.00 0.00 90.80 -1.07 89.68 -1.88 18.00 7.06 6.39 18.84
11.47 80.00 0.00 0.00 0.00 93.71 0.06 89.96 -1.41 16.68 28.49 6.24 22.49
11.48 80.00 0.00 0.00 0.00 90.93 -4.68 89.97 -1.77 0.79 -21.45 4.61 18.94
11.50 80.00 0.00 0.00 0.00 90.73 1.32 90.24 -1.18 17.32 38.02 6.48 19.83
11.52 80.00 0.00 0.00 0.00 90.70 2.52 90.50 -0.35 15.75 50.04 8.09 24.09
11.53 80.00 0.00 0.00 0.00 90.70 2.52 90.48 0.25 -1.14 36.90 8.03 26.27
11.55 80.00 0.00 0.00 0.00 90.89 -3.47 90.78 -0.12 18.60 -22.70 9.99 21.10
11.57 80.00 0.00 0.00 0.00 89.28 1.36 90.63 0.13 -9.29 14.84 7.40 19.70
11.58 80.00 0.00 0.00 0.00 92.09 6.08 90.77 0.60 8.35 29.17 6.64 18.32
11.60 80.00 0.00 0.00 0.00 93.64 2.46 91.35 0.71 36.13 6.72 12.12 16.71
11.61 80.00 0.00 0.00 0.00 93.64 2.46 91.63 1.06 17.41 21.69 12.06 18.17
11.63 80.00 0.00 0.00 0.00 90.73 1.32 91.33 1.19 -18.69 7.98 8.52 16.12
11.65 80.00 0.00 0.00 0.00 93.71 0.06 91.61 1.66 16.50 28.19 10.09 21.08
11.66 80.00 0.00 0.00 0.00 90.77 0.13 91.62 1.54 0.21 -7.49 8.38 16.53
11.68 80.00 0.00 0.00 0.00 93.88 -4.78 91.93 0.81 19.91 -45.69 8.80 6.96
11.70 80.00 0.00 0.00 0.00 90.80 -1.07 91.94 0.46 0.60 -21.51 8.97 1.12
11.71 80.00 0.00 0.00 0.00 93.74 -1.15 92.23 0.69 17.44 14.17 8.86 4.81
11.73 80.00 0.00 0.00 0.00 93.88 -4.78 92.69 0.07 29.07 -38.77 12.69 -0.55
11.74 80.00 0.00 0.00 0.00 90.84 -2.27 92.56 -0.76 -7.70 -51.41 11.09 -8.61
11.76 80.00 0.00 0.00 0.00 93.74 -1.15 92.57 -1.12 0.61 -20.94 7.54 -11.38
11.78 80.00 0.00 0.00 0.00 93.74 -1.15 92.58 -1.48 0.68 -23.27 5.86 -15.88
11.79 80.00 0.00 0.00 0.00 93.79 -2.36 92.89 -1.85 18.74 -22.59 9.61 -18.93
11.81 80.00 0.00 0.00 0.00 90.99 -5.88 92.62 -2.45 -16.57 -36.20 6.30 -25.37
11.83 80.00 0.00 0.00 0.00 91.04 -7.09 92.65 -3.17 1.73 -45.22 6.45 -29.14
11.84 80.00 0.00 0.00 0.00 93.94 -5.99 92.65 -3.29 0.33 -7.44 4.49 -25.32
11.86 80.00 0.00 0.00 0.00 90.89 -3.47 92.66 -3.53 0.52 -14.61 4.48 -24.63
11.87 80.00 0.00 0.00 0.00 90.89 -3.47 92.37 -3.76 -17.21 -13.99 1.02 -27.44
11.89 80.00 0.00 0.00 0.00 90.99 -5.88 92.08 -3.87 -18.01 -6.86 -3.69 -24.25
11.91 80.00 0.00 0.00 0.00 93.94 -5.99 92.39 -4.24 19.05 -22.91 -1.01 -21.40
11.92 80.00 0.00 0.00 0.00 93.79 -2.36 92.40 -4.37 0.26 -7.25 -1.05 -20.03
11.94 80.00 0.00 0.00 0.00 93.83 -3.57 92.41 -4.61 0.57 -15.54 -1.06 -19.26
11.95 80.00 0.00 0.00 0.00 93.94 -5.99 92.42 -4.97 0.92 -22.20 -2.84 -19.22
11.97 80.00 0.00 0.00 0.00 93.94 -5.99 92.72 -4.98 19.62 -0.73 0.78 -15.67
11.99 80.00 0.00 0.00 0.00 93.83 -3.57 93.00 -4.63 16.73 21.12 2.28 -9.04
12.00 80.00 0.00 0.00 0.00 93.94 -5.99 93.00 -4.63 0.00 0.00 2.25 -8.30
12.02 80.00 0.00 0.00 0.00 90.99 -5.88 93.01 -4.87 0.63 -15.31 2.26 -8.37
12.04 80.00 0.00 0.00 0.00 90.99 -5.88 93.02 -5.11 0.61 -14.87 4.04 -8.45
12.05 80.00 0.00 0.00 0.00 93.88 -4.78 93.31 -5.00 17.98 6.85 7.64 -7.08
12.07 80.00 0.00 0.00 0.00 88.00 -3.38 92.71 -4.74 -35.19 15.45 2.21 -3.25
12.08 80.00 0.00 0.00 0.00 90.99 -5.88 92.43 -5.09 -17.48 -22.00 0.44 -4.72
12.10 80.00 0.00 0.00 0.00 93.71 0.06 92.42 -4.73 -0.78 22.09 0.30 -0.96
12.12 80.00 0.00 0.00 0.00 93.74 -1.15 92.40 -4.25 -1.20 29.93 0.09 4.25
12.13 80.00 0.00 0.00 0.00 92.35 -3.52 92.24 -4.00 -9.87 15.39 -2.86 5.86
12.15 80.00 0.00 0.00 0.00 93.71 0.06 92.23 -3.64 -0.78 22.11 -4.61 5.96
12.17 80.00 0.00 0.00 0.00 93.79 -2.36 92.21 -3.27 -0.94 22.54 -4.70 8.22
12.18 80.00 0.00 0.00 0.00 93.67 1.26 92.48 -2.56 16.50 43.90 -3.11 14.14
12.20 80.00 0.00 0.00 0.00 92.16 2.49 92.60 -1.72 6.68 47.50 -2.51 20.38
12.21 80.00 0.00 0.00 0.00 93.71 0.06 92.58 -1.24 -1.20 32.67 -4.43 22.96
12.23 80.00 0.00 0.00 0.00 93.67 1.26 93.15 -0.77 34.94 28.59 2.59 24.27
12.25 80.00 0.00 0.00 0.00 93.71 0.06 93.42 -0.18 16.54 36.12 5.99 30.08
12.26 80.00 0.00 0.00 0.00 93.71 0.06 93.42 -0.18 -0.00 0.00 6.07 27.88
12.28 80.00 0.00 0.00 0.00 90.77 0.13 93.12 -0.05 -18.62 7.99 4.32 25.68
12.30 80.00 0.00 0.00 0.00 93.64 2.46 93.25 0.55 7.72 35.91 6.08 27.73
12.31 80.00 0.00 0.00 0.00 93.71 0.06 93.25 0.55 0.00 0.00 6.16 25.52
12.33 80.00 0.00 0.00 0.00 93.61 3.67 93.23 1.15 -1.08 37.19 6.15 26.99
12.34 80.00 0.00 0.00 0.00 93.67 1.26 93.23 1.15 0.00 0.00 4.50 22.60
12.36 80.00 0.00 0.00 0.00 90.68 3.72 93.09 1.27 -9.17 7.54 2.91 18.60
12.38 80.00 0.00 0.00 0.00 93.67 1.26 93.08 1.39 -0.21 7.31 3.01 16.06
12.39 80.00 0.00 0.00 0.00 90.80 -1.07 92.80 1.16 -17.99 -14.62 -2.28 11.74
12.41 80.00 0.00 0.00 0.00 93.71 0.06 92.80 1.16 0.00 0.00 -3.94 8.13
12.43 80.00 0.00 0.00 0.00 93.83 -3.57 92.81 0.80 0.80 -22.56 -3.86 5.87
12.44 80.00 0.00 0.00 0.00 93.67 1.26 93.10 0.91 17.75 6.92 -0.22 5.77
12.46 80.00 0.00 0.00 0.00 93.67 1.26 93.10 0.79 0.20 -7.62 -0.97 1.41
12.47 80.00 0.00 0.00 0.00 93.67 1.26 93.10 0.91 -0.21 7.19 -0.99 2.13
12.49 80.00 0.00 0.00 0.00 93.67 1.26 93.10 0.67 0.36 -14.57 -0.85 -3.04
12.51 80.00 0.00 0.00 0.00 93.83 -3.57 93.12 0.19 1.01 -29.90 -0.75 -6.03
12.52 80.00 0.00 0.00 0.00 93.71 0.06 93.42 -0.18 19.21 -23.21 2.09 -9.11
12.54 80.00 0.00 0.00 0.00 93.88 -4.78 93.44 -0.78 1.25 -35.34 2.24 -13.37
12.56 80.00 0.00 0.00 0.00 93.88 -4.78 93.75 -1.15 19.93 -23.99 6.03 -14.31
12.57 80.00 0.00 0.00 0.00 93.67 1.26 93.75 -1.03 -0.22 7.45 6.01 -13.56
12.59 80.00 0.00 0.00 0.00 93.88 -4.78 93.75 -1.15 0.31 -7.49 5.96 -12.06
12.61 80.00 0.00 0.00 0.00 93.83 -3.57 93.77 -1.64 0.99 -29.29 4.28 -15.68
12.62 80.00 0.00 0.00 0.00 93.67 1.26 93.77 -1.64 0.00 0.00 4.26 -14.92
12.64 80.00 0.00 0.00 0.00 93.71 0.06 93.77 -1.76 0.23 -8.02 4.31 -16.44
12.65 80.00 0.00 0.00 0.00 93.74 -1.15 93.78 -2.00 0.45 -14.70 4.32 -16.45
12.67 80.00 0.00 0.00 0.00 93.88 -4.78 93.79 -2.12 0.31 -7.39 4.25 -14.20
12.69 80.00 0.00 0.00 0.00 93.88 -4.78 93.80 -2.60 1.12 -30.35 2.44 -14.91
12.70 80.00 0.00 0.00 0.00 93.88 -4.78 93.80 -2.60 0.00 0.00 2.31 -11.38
12.72 80.00 0.00 0.00 0.00 93.74 -1.15 93.79 -2.24 -0.86 22.48 0.23 -6.73
12.73 80.00 0.00 0.00 0.00 93.83 -3.57 93.81 -2.72 0.99 -29.33 0.35 -10.41
12.75 80.00 0.00 0.00 0.00 93.79 -2.36 93.80 -2.48 -0.60 15.06 0.26 -8.15
12.77 80.00 0.00 0.00 0.00 93.79 -2.36 93.79 -2.36 -0.29 7.47 0.13 -4.48
12.78 80.00 0.00 0.00 0.00 93.83 -3.57 93.81 -2.84 1.02 -30.14 0.24 -7.49
12.80 80.00 0.00 0.00 0.00 93.74 -1.15 93.81 -2.96 0.24 -7.43 0.24 -7.43
12.82 80.00 0.00 0.00 0.00 93.67 1.26 93.80 -2.72 -0.44 14.48 0.15 -4.52
12.83 80.00 0.00 0.00 0.00 93.79 -2.36 93.80 -2.48 -0.60 14.99 0.06 -2.28
12.85 80.00 0.00 0.00 0.00 93.83 -3.57 93.79 -2.36 -0.31 7.38 -0.09 1.50
12.86 80.00 0.00 0.00 0.00 93.79 -2.36 93.78 -2.12 -0.62 15.40 -0.15 3.04
12.88 80.00 0.00 0.00 0.00 93.88 -4.78 93.79 -2.48 0.84 -21.78 0.02 -1.39
12.90 80.00 0.00 0.00 0.00 93.88 -4.78 93.80 -2.60 0.31 -7.45 -0.05 0.80
12.91 80.00 0.00 0.00 0.00 95.20 0.02 93.94 -2.36 8.63 14.54 0.88 0.75
12.93 80.00 0.00 0.00 0.00 93.88 -4.78 93.95 -2.61 0.60 -15.09 0.97 -1.51
12.94 80.00 0.00 0.00 0.00 93.88 -4.78 93.96 -2.73 0.31 -7.44 0.90 0.76
12.96 80.00 0.00 0.00 0.00 93.71 0.06 93.95 -2.61 -0.26 8.00 0.85 2.30
12.98 80.00 0.00 0.00 0.00 93.79 -2.36 93.96 -2.97 0.69 -21.54 0.96 -1.30
12.99 80.00 0.00 0.00 0.00 93.88 -4.78 93.97 -3.21 0.61 -15.17 1.08 -4.31
13.01 80.00 0.00 0.00 0.00 93.74 -1.15 93.96 -2.97 -0.54 14.76 1.06 -3.58
13.03 80.00 0.00 0.00 0.00 93.94 -5.99 93.98 -3.33 0.94 -22.57 1.21 -7.37
13.04 80.00 0.00 0.00 0.00 93.88 -4.78 93.98 -3.33 0.00 0.00 1.13 -5.19
13.06 80.00 0.00 0.00 0.00 95.38 -4.83 94.13 -3.34 9.04 -0.32 2.00 -4.48
13.08 80.00 0.00 0.00 0.00 93.74 -1.15 93.98 -3.45 -8.84 -7.11 0.25 -6.65
13.09 80.00 0.00 0.00 0.00 93.88 -4.78 93.98 -3.45 -0.00 0.00 0.19 -5.14
13.11 80.00 0.00 0.00 0.00 93.88 -4.78 93.98 -3.45 0.00 -0.00 0.16 -4.39
13.12 80.00 0.00 0.00 0.00 93.71 0.06 93.98 -3.45 0.00 0.00 0.19 -5.19
13.14 80.00 0.00 0.00 0.00 93.88 -4.78 93.99 -3.70 0.60 -15.02 0.18 -4.54
13.16 80.00 0.00 0.00 0.00 93.79 -2.36 93.98 -3.45 -0.55 13.69 0.06 -1.66
13.17 80.00 0.00 0.00 0.00 93.83 -3.57 93.99 -3.70 0.59 -16.07 0.18 -4.74
13.19 80.00 0.00 0.00 0.00 93.74 -1.15 93.97 -3.21 -1.22 30.46 -0.04 0.56
13.21 80.00 0.00 0.00 0.00 93.71 0.06 93.95 -2.73 -1.08 29.40 -0.15 3.50
13.22 80.00 0.00 0.00 0.00 93.71 0.06 93.79 -2.24 -10.21 29.80 -2.07 6.51
13.24 80.00 0.00 0.00 0.00 93.74 -1.15 93.79 -2.24 0.00 0.00 -1.19 7.23
13.25 80.00 0.00 0.00 0.00 93.71 0.06 93.77 -1.76 -1.09 29.66 -1.30 10.19
13.27 80.00 0.00 0.00 0.00 93.83 -3.57 93.76 -1.63 -0.31 7.58 -1.33 10.95
13.29 80.00 0.00 0.00 0.00 93.83 -3.57 93.78 -2.00 0.78 -22.07 -1.25 8.74
13.30 80.00 0.00 0.00 0.00 93.83 -3.57 93.77 -1.88 -0.31 7.46 -1.34 10.99
13.32 80.00 0.00 0.00 0.00 93.67 1.26 93.76 -1.51 -0.71 22.10 -1.36 11.83
13.34 80.00 0.00 0.00 0.00 93.71 0.06 93.75 -1.15 -0.79 22.46 -1.50 15.68
13.35 80.00 0.00 0.00 0.00 93.61 3.67 93.73 -0.67 -0.80 28.86 -1.45 15.52
13.37 80.00 0.00 0.00 0.00 93.74 -1.15 93.74 -0.79 0.24 -7.48 -1.32 11.84
13.38 80.00 0.00 0.00 0.00 93.74 -1.15 93.74 -0.91 0.24 -7.34 -0.28 8.12
13.40 80.00 0.00 0.00 0.00 93.74 -1.15 93.74 -0.91 0.00 0.00 -0.28 8.12
13.42 80.00 0.00 0.00 0.00 93.74 -1.15 93.75 -1.03 0.24 -7.60 -0.14 4.40
13.43 80.00 0.00 0.00 0.00 93.88 -4.78 93.75 -1.15 0.31 -7.43 -0.08 2.90
13.45 80.00 0.00 0.00 0.00 90.80 -1.07 93.45 -0.90 -18.49 15.23 -2.01 6.62
13.47 80.00 0.00 0.00 0.00 92.27 -1.11 93.29 -0.66 -9.80 15.37 -2.96 7.42
13.48 80.00 0.00 0.00 0.00 93.59 4.87 93.28 -0.30 -0.50 21.66 -2.93 7.37
13.50 80.00 0.00 0.00 0.00 93.79 -2.36 93.29 -0.54 0.50 -14.96 -2.80 3.63
13.51 80.00 0.00 0.00 0.00 93.79 -2.36 93.31 -1.14 1.08 -36.93 -2.62 -2.95
13.53 80.00 0.00 0.00 0.00 93.88 -4.78 93.32 -1.50 0.87 -22.56 -2.55 -4.46
13.55 80.00 0.00 0.00 0.00 90.84 -2.27 93.03 -1.62 -17.75 -6.86 -4.35 -4.41
13.56 80.00 0.00 0.00 0.00 90.89 -3.47 92.75 -1.85 -17.28 -14.05 -6.08 -5.81
13.58 80.00 0.00 0.00 0.00 93.88 -4.78 92.76 -2.21 0.86 -22.52 -6.02 -7.31
13.60 80.00 0.00 0.00 0.00 93.83 -3.57 92.76 -2.09 -0.31 7.46 -6.08 -5.82
13.61 80.00 0.00 0.00 0.00 93.83 -3.57 93.06 -2.34 18.73 -15.43 -2.36 -8.88
13.63 80.00 0.00 0.00 0.00 90.93 -4.68 92.93 -2.70 -8.13 -21.79 -2.19 -12.60
13.64 80.00 0.00 0.00 0.00 90.77 0.13 92.64 -3.17 -17.55 -29.47 -3.90 -17.71
13.66 80.00 0.00 0.00 0.00 94.00 -7.21 92.66 -3.66 1.25 -29.08 -3.82 -19.12
13.68 80.00 0.00 0.00 0.00 93.88 -4.78 92.67 -3.90 0.61 -15.26 -3.87 -16.96
13.69 80.00 0.00 0.00 0.00 93.79 -2.36 92.66 -3.66 -0.59 14.72 -4.01 -13.23
13.71 80.00 0.00 0.00 0.00 96.89 -4.89 93.27 -3.92 38.23 -16.53 1.58 -14.19
13.73 80.00 0.00 0.00 0.00 93.83 -3.57 93.56 -3.93 18.06 -0.58 5.12 -12.85
13.74 80.00 0.00 0.00 0.00 97.14 -9.79 93.89 -4.43 18.21 -27.97 6.85 -13.39
13.76 80.00 0.00 0.00 0.00 93.88 -4.78 93.90 -4.55 0.35 -8.32 6.92 -14.97
13.77 80.00 0.00 0.00 0.00 90.93 -4.68 93.61 -4.66 -16.61 -6.36 3.38 -14.06
13.79 80.00 0.00 0.00 0.00 90.99 -5.88 93.61 -4.78 0.34 -7.98 4.23 -12.68
13.81 80.00 0.00 0.00 0.00 90.84 -2.27 93.62 -5.02 0.47 -14.45 6.03 -11.18
13.82 80.00 0.00 0.00 0.00 89.35 -1.03 93.15 -4.40 -28.38 37.75 3.07 -4.50
13.84 80.00 0.00 0.00 0.00 93.83 -3.57 93.15 -4.28 -0.31 7.44 2.98 -2.23
13.86 80.00 0.00 0.00 0.00 87.92 -1.00 92.56 -4.14 -36.01 8.36 -0.57 -2.86
13.87 80.00 0.00 0.00 0.00 90.93 -4.68 91.97 -4.12 -37.53 1.32 -8.14 -1.08
13.89 80.00 0.00 0.00 0.00 90.80 -1.07 91.66 -3.87 -18.70 15.40 -11.82 0.52
13.90 80.00 0.00 0.00 0.00 88.00 -3.38 90.75 -3.23 -55.17 38.62 -19.16 7.18
13.92 80.00 0.00 0.00 0.00 93.74 -1.15 90.73 -2.87 -0.89 23.20 -19.28 10.33
13.94 80.00 0.00 0.00 0.00 93.61 3.67 91.00 -2.04 15.47 48.21 -16.07 15.79
13.95 80.00 0.00 0.00 0.00 93.71 0.06 91.27 -1.44 17.44 38.09 -14.36 20.39
13.97 80.00 0.00 0.00 0.00 93.83 -3.57 91.57 -1.57 19.45 -8.43 -12.46 21.00
13.98 80.00 0.00 0.00 0.00 93.67 1.26 92.00 -1.34 26.47 14.06 -6.98 18.63
14.00 80.00 0.00 0.00 0.00 90.77 0.13 91.70 -0.97 -18.44 22.21 -8.79 20.10
14.02 80.00 0.00 0.00 0.00 93.74 -1.15 92.28 -0.99 36.84 -0.98 -1.51 19.17
